Right Thermal Camera
intrinsic:
  fx: 342.69763215
  fy: 342.45604858
  cx: 323.56293972
  cy: 267.49213891
  k1: -0.22042839
  k2: 0.04895111
  p1: 0.00000000
  p2: 0.00000000
extrinsics:
  - image: thermal_grayscale_image_20250710_135821_412541563.png
    rotation:
      - [0.92499656, -0.36062377, -0.11971577]
      - [0.37958908, 0.89119996, 0.24834405]
      - [0.01713192, -0.27516019, 0.96124574]
    translation: [5.32180683, -15.14646519, 163.14476314]
    rms_error: 0.064552
  - image: thermal_grayscale_image_20250710_135835_851840047.png
    rotation:
      - [0.96409021, -0.12520017, -0.23421143]
      - [0.06805242, 0.96892198, -0.23782151]
      - [0.25670790, 0.21334274, 0.94264836]
    translation: [-45.66655595, -63.05521531, 116.29114860]
    rms_error: 0.092264
  - image: thermal_grayscale_image_20250710_135849_024874296.png
    rotation:
      - [0.99253370, -0.02421957, -0.11954189]
      - [0.08027021, 0.86763279, 0.49068324]
      - [0.09183433, -0.49661530, 0.86309889]
    translation: [-42.11617607, 29.79981540, 160.32361009]
    rms_error: 0.056026
  - image: thermal_grayscale_image_20250710_135852_391954347.png
    rotation:
      - [0.87920761, -0.47545538, -0.03059668]
      - [0.46955269, 0.85383235, 0.22470113]
      - [-0.08071093, -0.21192570, 0.97394725]
    translation: [8.29678907, -9.70080977, 155.70939055]
    rms_error: 0.077697
  - image: thermal_grayscale_image_20250710_135855_759201148.png
    rotation:
      - [0.90893770, -0.41150111, -0.06707534]
      - [0.40318878, 0.90849255, -0.10990948]
      - [0.10616532, 0.07285685, 0.99167576]
    translation: [-16.10654338, -66.23340126, 104.26255690]
    rms_error: 0.146781
  - image: thermal_grayscale_image_20250710_135901_626969478.png
    rotation:
      - [0.55920126, -0.82897884, 0.00938271]
      - [0.79347067, 0.53190088, -0.29577990]
      - [0.24020461, 0.17284540, 0.95521004]
    translation: [16.98389097, -61.61275957, 102.65983888]
    rms_error: 0.091730
  - image: thermal_grayscale_image_20250710_135920_600581823.png
    rotation:
      - [0.91405494, 0.33888843, -0.22284121]
      - [-0.14576519, 0.78719380, 0.59923154]
      - [0.37849185, -0.51524805, 0.76893651]
    translation: [-42.85107467, 3.70297319, 99.77023566]
    rms_error: 0.082404
  - image: thermal_grayscale_image_20250710_135932_605437095.png
    rotation:
      - [0.87111958, 0.20821141, -0.44474564]
      - [-0.11242379, 0.96616911, 0.23211665]
      - [0.47802884, -0.15220137, 0.86505675]
    translation: [-20.65626564, -5.63230651, 76.36522519]
    rms_error: 0.127629
  - image: thermal_grayscale_image_20250710_135942_210173583.png
    rotation:
      - [0.68320569, 0.65606158, -0.32064497]
      - [-0.52033895, 0.74546352, 0.41657116]
      - [0.51232545, -0.11775972, 0.85067930]
    translation: [-37.88052987, -4.82034287, 82.02720422]
    rms_error: 0.108284
  - image: thermal_grayscale_image_20250710_135948_245482384.png
    rotation:
      - [0.78271839, 0.61682989, 0.08290246]
      - [-0.60906430, 0.73174912, 0.30591486]
      - [0.12803363, -0.28993812, 0.94844255]
    translation: [-34.74325088, 2.97668203, 97.92083274]
    rms_error: 0.086086
  - image: thermal_grayscale_image_20250710_135958_616606044.png
    rotation:
      - [0.94396803, 0.03939876, -0.32767681]
      - [0.03854715, 0.97289227, 0.22802355]
      - [0.32777809, -0.22787795, 0.91686049]
    translation: [-47.60620051, -37.81635687, 91.54272030]
    rms_error: 0.116098
  - image: thermal_grayscale_image_20250710_140003_185834797.png
    rotation:
      - [0.95703615, 0.23386302, -0.17143480]
      - [-0.13066892, 0.87561124, 0.46500601]
      - [0.25885795, -0.42262636, 0.86855024]
    translation: [-34.93001219, -15.47221926, 89.57737387]
    rms_error: 0.084501
  - image: thermal_grayscale_image_20250710_140015_757192859.png
    rotation:
      - [0.67684150, -0.38954195, -0.62461400]
      - [0.60857576, 0.77348531, 0.17707632]
      - [0.41415110, -0.49997754, 0.76059274]
    translation: [-43.59456488, -11.65817265, 112.75555155]
    rms_error: 0.080545
  - image: thermal_grayscale_image_20250710_140029_102408100.png
    rotation:
      - [0.58533841, 0.81039217, -0.02536684]
      - [-0.71910625, 0.53334697, 0.44545170]
      - [0.37451990, -0.24249854, 0.89494654]
    translation: [-57.89567133, 10.21595572, 103.63876174]
    rms_error: 0.110498
  - image: thermal_grayscale_image_20250710_140033_935505237.png
    rotation:
      - [0.65633927, 0.75436233, 0.01249949]
      - [-0.69831307, 0.60113448, 0.38858229]
      - [0.28561797, -0.26377037, 0.92132924]
    translation: [-47.82699851, -3.70985509, 91.30702450]
    rms_error: 0.090581
  - image: thermal_grayscale_image_20250710_140048_474794749.png
    rotation:
      - [0.90780340, 0.29419632, -0.29890051]
      - [-0.22926555, 0.94489054, 0.23370745]
      - [0.35118414, -0.14363283, 0.92522393]
    translation: [-22.57403600, -34.27916081, 70.80664277]
    rms_error: 0.111214
  - image: thermal_grayscale_image_20250710_140054_140902351.png
    rotation:
      - [0.57809484, 0.79976207, -0.16182394]
      - [-0.68518645, 0.58348797, 0.43596023]
      - [0.44308678, -0.14114679, 0.88529752]
    translation: [-65.22225500, 8.18445151, 77.07917056]
    rms_error: 0.126706
  - image: thermal_grayscale_image_20250710_140111_183344517.png
    rotation:
      - [0.63905913, 0.75711645, 0.13556588]
      - [-0.75147604, 0.57701939, 0.31989434]
      - [0.16397313, -0.30630591, 0.93770438]
    translation: [-35.03429218, -0.01056317, 97.74407158]
    rms_error: 0.097316
  - image: thermal_grayscale_image_20250710_140116_584678616.png
    rotation:
      - [0.97831065, -0.04559659, -0.20206244]
      - [0.14967808, 0.82993482, 0.53740550]
      - [0.14319479, -0.55599384, 0.81875888]
    translation: [-23.63091538, -1.58601618, 116.04210992]
    rms_error: 0.085316
  - image: thermal_grayscale_image_20250710_140121_623836227.png
    rotation:
      - [0.85745710, 0.51387378, 0.02647751]
      - [-0.50202881, 0.82418934, 0.26206682]
      - [0.11284678, -0.23800353, 0.96468644]
    translation: [-31.58799019, 5.65113795, 106.09691972]
    rms_error: 0.077199
  - image: thermal_grayscale_image_20250710_140136_593872928.png
    rotation:
      - [0.96777203, -0.25105542, 0.01970980]
      - [0.24721806, 0.96204897, 0.11552059]
      - [-0.04796386, -0.10692497, 0.99310952]
    translation: [-1.45962709, -39.12849076, 111.25852350]
    rms_error: 0.078991
  - image: thermal_grayscale_image_20250710_140140_533074763.png
    rotation:
      - [0.92371707, 0.34568870, 0.16506390]
      - [-0.37085032, 0.91495179, 0.15916428]
      - [-0.09600421, -0.20823676, 0.97335535]
    translation: [-19.04121615, -22.16695534, 117.53857696]
    rms_error: 0.064935
  - image: thermal_grayscale_image_20250710_140143_132280274.png
    rotation:
      - [0.94272500, -0.33303883, -0.01883367]
      - [0.33238391, 0.94263076, -0.03111573]
      - [0.02811594, 0.02307357, 0.99933833]
    translation: [-0.63911265, -51.08476366, 107.76556517]
    rms_error: 0.072653
  - image: thermal_grayscale_image_20250710_140150_303705047.png
    rotation:
      - [0.96431302, 0.26414943, 0.01804131]
      - [-0.25816065, 0.92294985, 0.28551120]
      - [0.05876640, -0.27997973, 0.95820554]
    translation: [-19.99519914, -0.55881804, 143.44216541]
    rms_error: 0.079135
  - image: thermal_grayscale_image_20250710_140153_538468973.png
    rotation:
      - [0.42596159, 0.88826376, 0.17188432]
      - [-0.87824054, 0.36030961, 0.31443686]
      - [0.21737130, -0.28489381, 0.93358730]
    translation: [-27.97704257, 29.51628620, 138.77100990]
    rms_error: 0.064518
  - image: thermal_grayscale_image_20250710_140157_804447409.png
    rotation:
      - [0.67308692, -0.65047911, -0.35189619]
      - [0.62062429, 0.75557790, -0.20958896]
      - [0.40221822, -0.07732373, 0.91227273]
    translation: [-28.42085579, -62.12364424, 121.72558440]
    rms_error: 0.091917
  - image: thermal_grayscale_image_20250710_140208_378247771.png
    rotation:
      - [0.92112026, -0.37691973, 0.09730875]
      - [0.37853874, 0.92558337, 0.00196209]
      - [-0.09080691, 0.03502781, 0.99525231]
    translation: [13.94547236, -51.37392436, 151.85786368]
    rms_error: 0.070028
  - image: thermal_grayscale_image_20250710_140211_709765590.png
    rotation:
      - [0.96376273, 0.25013696, -0.09269789]
      - [-0.21439346, 0.93307356, 0.28880647]
      - [0.15873512, -0.25846710, 0.95288925]
    translation: [-44.87346916, -4.68364183, 145.45555833]
    rms_error: 0.061575
  - image: thermal_grayscale_image_20250710_140215_280076505.png
    rotation:
      - [0.78560192, -0.61776115, 0.03465237]
      - [0.61023458, 0.76434621, -0.20829935]
      - [0.10219284, 0.18478645, 0.97745107]
    translation: [17.12006595, -68.84821474, 127.64610704]
    rms_error: 0.079940
  - image: thermal_grayscale_image_20250710_140218_649427289.png
    rotation:
      - [0.98968545, -0.06489707, -0.12771488]
      - [0.11358958, 0.89872365, 0.42354835]
      - [0.08729334, -0.43368671, 0.89682535]
    translation: [-27.49092551, 13.76092983, 151.29598584]
    rms_error: 0.065994
  - image: thermal_grayscale_image_20250710_140225_416604385.png
    rotation:
      - [0.95073811, -0.20400757, -0.23340513]
      - [0.12168568, 0.93810179, -0.32428016]
      - [0.28511338, 0.27990345, 0.91671393]
    translation: [-41.64243219, -62.29480958, 96.83829403]
    rms_error: 0.069540
  - image: thermal_grayscale_image_20250710_140230_183740971.png
    rotation:
      - [0.69548763, -0.71005501, -0.11008557]
      - [0.64430358, 0.68409172, -0.34189387]
      - [0.31807208, 0.16685443, 0.93326832]
    translation: [-8.64738903, -60.86072257, 106.62271243]
    rms_error: 0.076382
  - image: thermal_grayscale_image_20250710_140401_349128456.png
    rotation:
      - [0.98491695, 0.05637453, -0.16358638]
      - [-0.03969032, 0.99383461, 0.10352508]
      - [0.16841399, -0.09547082, 0.98108208]
    translation: [-20.26764348, -43.50410048, 159.75469082]
    rms_error: 0.099350
  - image: thermal_grayscale_image_20250710_140404_515945666.png
    rotation:
      - [0.97956326, 0.12387629, -0.15846289]
      - [-0.14472879, 0.98120702, -0.12761803]
      - [0.13967605, 0.14794408, 0.97908281]
    translation: [-38.48222499, -61.04629150, 132.09552620]
    rms_error: 0.085945
  - image: thermal_grayscale_image_20250710_140408_119105324.png
    rotation:
      - [0.95360915, -0.05417727, -0.29613241]
      - [-0.04344694, 0.94860838, -0.31345575]
      - [0.29789587, 0.31178031, 0.90224780]
    translation: [-49.00944446, -54.84414773, 90.63233376]
    rms_error: 0.089618
  - image: thermal_grayscale_image_20250710_140411_816425984.png
    rotation:
      - [0.67139051, -0.71542583, -0.19339250]
      - [0.63038379, 0.68851002, -0.35856690]
      - [0.38968070, 0.11882692, 0.91325194]
    translation: [-19.88445711, -60.37761652, 102.29958078]
    rms_error: 0.075793
  - image: thermal_grayscale_image_20250710_140415_919607211.png
    rotation:
      - [0.79657449, 0.59459396, -0.10921124]
      - [-0.54088378, 0.78166161, 0.31056379]
      - [0.27002559, -0.18831660, 0.94425793]
    translation: [-49.76892067, 16.72282569, 115.34703984]
    rms_error: 0.095848
  - image: thermal_grayscale_image_20250710_140420_287839240.png
    rotation:
      - [0.94436269, 0.11716287, -0.30733040]
      - [-0.22630758, 0.90951549, -0.34866382]
      - [0.23867130, 0.39881630, 0.88542734]
    translation: [-45.61725494, -51.04833076, 84.43197994]
    rms_error: 0.101030
  - image: thermal_grayscale_image_20250710_140424_956613559.png
    rotation:
      - [0.75843279, 0.64973684, -0.05120300]
      - [-0.63490417, 0.75429154, 0.16715548]
      - [0.14722907, -0.09426720, 0.98460007]
    translation: [-44.57418492, 7.41135950, 117.07788746]
    rms_error: 0.087398
  - image: thermal_grayscale_image_20250710_140426_992964616.png
    rotation:
      - [0.86219696, -0.49083245, 0.12529926]
      - [0.48361147, 0.87116388, 0.08481420]
      - [-0.15078575, -0.01253039, 0.98848705]
    translation: [12.76294434, -21.49925161, 123.75692373]
    rms_error: 0.084977
  - image: thermal_grayscale_image_20250710_140434_997325183.png
    rotation:
      - [0.97961562, 0.10961975, -0.16833523]
      - [-0.05089653, 0.94608337, 0.31989968]
      - [0.19432648, -0.30481104, 0.93237731]
    translation: [-39.02880404, 3.35765411, 145.22907768]
    rms_error: 0.065711
  - image: thermal_grayscale_image_20250710_140441_597808352.png
    rotation:
      - [0.96879466, -0.24450303, -0.04068382]
      - [0.23405699, 0.95643742, -0.17448434]
      - [0.08157347, 0.15951716, 0.98381911]
    translation: [-12.64786962, -58.36393373, 119.41481861]
    rms_error: 0.098398
  - image: thermal_grayscale_image_20250710_140547_596118936.png
    rotation:
      - [0.86111448, -0.06739899, 0.50392384]
      - [-0.04240377, 0.97819932, 0.20329291]
      - [-0.50663969, -0.19642674, 0.83948363]
    translation: [-2.79984578, -22.63654722, 125.40470972]
    rms_error: 0.077983
  - image: thermal_grayscale_image_20250710_140553_066347795.png
    rotation:
      - [0.87244913, -0.21924457, 0.43676575]
      - [0.12944392, 0.96547142, 0.22607344]
      - [-0.47125023, -0.14070091, 0.87070459]
    translation: [-5.98745316, -25.34008856, 112.73103370]
    rms_error: 0.105043
  - image: thermal_grayscale_image_20250710_140555_435771517.png
    rotation:
      - [0.66613669, -0.73611867, 0.11996336]
      - [0.69860528, 0.67215914, 0.24526057]
      - [-0.26117535, -0.07957003, 0.96200626]
    translation: [1.20523611, -43.96089561, 103.97679866]
    rms_error: 0.097203
  - image: thermal_grayscale_image_20250710_140601_002586970.png
    rotation:
      - [0.69267307, 0.41502687, 0.58987856]
      - [-0.58798615, 0.79858562, 0.12858186]
      - [-0.41770361, -0.43590562, 0.79718880]
    translation: [-4.47028568, 11.87201696, 128.86618146]
    rms_error: 0.080502
  - image: thermal_grayscale_image_20250710_140604_638977594.png
    rotation:
      - [0.86090510, 0.00526949, 0.50873828]
      - [-0.25384714, 0.87103490, 0.42054707]
      - [-0.44091272, -0.49119287, 0.75121603]
    translation: [8.99602293, 14.42667676, 141.46085535]
    rms_error: 0.075600
  - image: thermal_grayscale_image_20250710_140609_502227324.png
    rotation:
      - [0.98435771, -0.07143988, 0.16104731]
      - [0.06158924, 0.99595953, 0.06535584]
      - [-0.16506561, -0.05441475, 0.98478037]
    translation: [-42.97048087, -25.29587012, 93.24486361]
    rms_error: 0.096620
  - image: thermal_grayscale_image_20250710_140618_544304848.png
    rotation:
      - [0.82456491, -0.01375665, 0.56560009]
      - [-0.01917333, 0.99845066, 0.05223654]
      - [-0.56544238, -0.05391685, 0.82302362]
    translation: [-8.65596708, -17.04449501, 109.83199141]
    rms_error: 0.082152
  - image: thermal_grayscale_image_20250710_140634_452660020.png
    rotation:
      - [0.69400773, 0.40024922, 0.59845955]
      - [-0.58099513, 0.80225898, 0.13720489]
      - [-0.42520340, -0.44292335, 0.78931678]
    translation: [-11.64280345, 11.14518545, 149.73462548]
    rms_error: 0.072895
  - image: thermal_grayscale_image_20250710_140639_119949456.png
    rotation:
      - [0.88885840, -0.41251589, 0.19940257]
      - [0.30384262, 0.85644098, 0.41735897]
      - [-0.34294374, -0.31038603, 0.88659467]
    translation: [-24.49742078, -24.23317194, 147.58868528]
    rms_error: 0.068403
  - image: thermal_grayscale_image_20250710_140643_722167221.png
    rotation:
      - [0.54664520, 0.48647861, 0.68155527]
      - [-0.65666467, 0.75409387, -0.01157346]
      - [-0.51958689, -0.44122669, 0.73167512]
    translation: [-8.58704624, 5.10896472, 150.56375714]
    rms_error: 0.092081
  - image: thermal_grayscale_image_20250710_140648_823360400.png
    rotation:
      - [0.87516407, 0.21125141, 0.43527082]
      - [-0.22054560, 0.97492348, -0.02972950]
      - [-0.43063614, -0.06997887, 0.89980857]
    translation: [-34.86426700, -25.78384832, 110.48776899]
    rms_error: 0.094009
  - image: thermal_grayscale_image_20250710_140803_396217124.png
    rotation:
      - [0.87624981, -0.07457017, 0.47605205]
      - [-0.15002634, 0.89662621, 0.41659757]
      - [-0.45790650, -0.43646389, 0.77448106]
    translation: [-2.99834925, 6.49209511, 135.08788064]
    rms_error: 0.065199
  - image: thermal_grayscale_image_20250710_140820_870196814.png
    rotation:
      - [0.71907920, 0.39647343, 0.57073104]
      - [-0.57996056, 0.79483601, 0.17855383]
      - [-0.38284573, -0.45939584, 0.80148899]
    translation: [-18.13032575, 10.00946957, 136.07464101]
    rms_error: 0.088565
  - image: thermal_grayscale_image_20250710_141004_225603356.png
    rotation:
      - [0.92721130, -0.35165584, 0.12890841]
      - [0.35845210, 0.93295725, -0.03320939]
      - [-0.10858776, 0.07699961, 0.99110028]
    translation: [-26.66167741, -42.27838261, 95.36081782]
    rms_error: 0.066308
  - image: thermal_grayscale_image_20250710_141008_228006570.png
    rotation:
      - [0.91978139, 0.31202985, 0.23799071]
      - [-0.34098650, 0.93564206, 0.09111609]
      - [-0.19424318, -0.16495850, 0.96698412]
    translation: [-36.34873336, -3.57971281, 103.09059235]
    rms_error: 0.087737
  - image: thermal_grayscale_image_20250710_141011_728604712.png
    rotation:
      - [0.99507674, 0.00337036, 0.09905008]
      - [0.01717379, 0.97843823, -0.20582442]
      - [-0.09760809, 0.20651216, 0.97356324]
    translation: [-42.01883664, -39.37300457, 91.29592405]
    rms_error: 0.081609
  - image: thermal_grayscale_image_20250710_141843_431955004.png
    rotation:
      - [0.84487819, 0.13657401, 0.51723147]
      - [-0.14863079, 0.98872364, -0.01828783]
      - [-0.51389662, -0.06142553, 0.85565014]
    translation: [-16.52807285, -40.57858241, 119.08479870]
    rms_error: 0.088174
  - image: thermal_grayscale_image_20250710_141850_634867266.png
    rotation:
      - [0.67709274, 0.24839889, 0.69270731]
      - [-0.36654328, 0.93007134, 0.02476530]
      - [-0.63811554, -0.27067562, 0.72079350]
    translation: [-8.05819398, -15.82577556, 127.05902227]
    rms_error: 0.086697
  - image: thermal_grayscale_image_20250710_141855_734849865.png
    rotation:
      - [0.86132452, 0.20556621, 0.46461017]
      - [-0.14989629, 0.97660164, -0.15420874]
      - [-0.48543916, 0.06318043, 0.87198455]
    translation: [-27.09875405, -28.16974221, 96.74119207]
    rms_error: 0.106261
  - image: thermal_grayscale_image_20250710_141858_801711608.png
    rotation:
      - [0.85768646, 0.14087004, 0.49449931]
      - [-0.08820373, 0.98779087, -0.12841067]
      - [-0.50655112, 0.06651941, 0.85964012]
    translation: [-17.32585086, -28.32671149, 96.14570971]
    rms_error: 0.082826
  - image: thermal_grayscale_image_20250710_141902_641104975.png
    rotation:
      - [0.87712732, -0.43253036, 0.20872268]
      - [0.40009639, 0.89850321, 0.18059583]
      - [-0.26565118, -0.07489634, 0.96115555]
    translation: [-10.26254047, -31.16613002, 101.58847457]
    rms_error: 0.090543
  - image: thermal_grayscale_image_20250710_141906_110422142.png
    rotation:
      - [0.45426216, -0.88515866, -0.10069776]
      - [0.89061951, 0.44855511, 0.07480111]
      - [-0.02104236, -0.12366271, 0.99210118]
    translation: [-6.29990732, -50.47210879, 93.76592465]
    rms_error: 0.110723
  - image: thermal_grayscale_image_20250710_142016_596830626.png
    rotation:
      - [0.82573935, -0.04804718, 0.56200177]
      - [-0.03156425, 0.99086799, 0.13108900]
      - [-0.56316802, -0.12598451, 0.81668212]
    translation: [-5.36342211, -36.29514049, 130.60963190]
    rms_error: 0.070618
  - image: thermal_grayscale_image_20250710_142025_232699478.png
    rotation:
      - [0.91397018, -0.24528454, 0.32325532]
      - [0.27424101, 0.96053423, -0.04653879]
      - [-0.29908255, 0.13118493, 0.94516673]
    translation: [-20.24090753, -42.52679073, 82.19310840]
    rms_error: 0.087016
  - image: thermal_grayscale_image_20250710_142030_633194217.png
    rotation:
      - [0.84954503, 0.37334707, 0.37267304]
      - [-0.37330860, 0.92464434, -0.07532285]
      - [-0.37271158, -0.07513190, 0.92490068]
    translation: [-32.55964332, -6.99778470, 97.79417749]
    rms_error: 0.092514
  - image: thermal_grayscale_image_20250710_142035_701317319.png
    rotation:
      - [0.89724614, 0.14681164, 0.41640810]
      - [-0.13371803, 0.98916363, -0.06062020]
      - [-0.42079550, -0.00129003, 0.90715461]
    translation: [-35.59552091, -25.54549315, 95.09898159]
    rms_error: 0.097735
  - image: thermal_grayscale_image_20250710_142043_504285558.png
    rotation:
      - [0.96814351, -0.18697769, 0.16654572]
      - [0.19052128, 0.98166813, -0.00541532]
      - [-0.16248009, 0.03697331, 0.98601886]
    translation: [-32.79264130, -43.10041419, 66.05744213]
    rms_error: 0.098343
  - image: thermal_grayscale_image_20250710_142048_274131978.png
    rotation:
      - [0.96873673, -0.10617886, 0.22422133]
      - [0.09850348, 0.99411072, 0.04517683]
      - [-0.22769765, -0.02167787, 0.97349055]
    translation: [-32.69542390, -30.91774795, 71.65175866]
    rms_error: 0.084673
  - image: thermal_grayscale_image_20250710_142053_575274685.png
    rotation:
      - [0.94043482, 0.05750498, 0.33507540]
      - [-0.09250303, 0.99168812, 0.08943081]
      - [-0.32714757, -0.11509934, 0.93793742]
    translation: [-31.98047896, -11.01861513, 79.36907287]
    rms_error: 0.152034
  - image: thermal_grayscale_image_20250710_142057_109530437.png
    rotation:
      - [0.94637521, -0.23571419, 0.22093614]
      - [0.22595230, 0.97170316, 0.06883693]
      - [-0.23091018, -0.01522454, 0.97285595]
    translation: [-20.21712480, -26.73337856, 72.67000065]
    rms_error: 0.110977
  - image: thermal_grayscale_image_20250710_142059_647793066.png
    rotation:
      - [0.89492357, -0.41896089, 0.15356949]
      - [0.41111271, 0.90795345, 0.08128264]
      - [-0.17348819, -0.00960738, 0.98478909]
    translation: [-13.80237144, -35.63733415, 73.39556853]
    rms_error: 0.168244
  - image: thermal_grayscale_image_20250710_142105_148093546.png
    rotation:
      - [0.87656370, 0.14079838, 0.46023027]
      - [-0.21768847, 0.96883233, 0.11821862]
      - [-0.42924098, -0.20381297, 0.87989343]
    translation: [-19.26906935, -6.68669947, 94.18106733]
    rms_error: 0.087633
  - image: thermal_grayscale_image_20250710_142127_826956961.png
    rotation:
      - [0.97162440, 0.04976354, 0.23123496]
      - [-0.04930466, 0.99875359, -0.00776658]
      - [-0.23133324, -0.00385477, 0.97286693]
    translation: [-2.60581555, -44.47082788, 151.10004180]
    rms_error: 0.075254
  - image: thermal_grayscale_image_20250710_142133_329734191.png
    rotation:
      - [0.94313685, -0.02377199, 0.33155357]
      - [-0.01555884, 0.99318921, 0.11546910]
      - [-0.33204035, -0.11406175, 0.93634348]
    translation: [-0.23705878, -26.75457501, 161.94285662]
    rms_error: 0.075033
  - image: thermal_grayscale_image_20250710_142136_997891634.png
    rotation:
      - [0.97354313, -0.22579697, 0.03506423]
      - [0.22719962, 0.97289249, -0.04313381]
      - [-0.02437424, 0.04995920, 0.99845379]
    translation: [-9.08803682, -51.20828515, 135.45800952]
    rms_error: 0.059649
  - image: thermal_grayscale_image_20250710_142140_297365140.png
    rotation:
      - [0.99977601, 0.01725161, -0.01226019]
      - [-0.02002723, 0.95848266, -0.28444665]
      - [0.00684402, 0.28462847, 0.95861347]
    translation: [-40.06946554, -52.86963222, 96.77974403]
    rms_error: 0.095194
  - image: thermal_grayscale_image_20250710_142143_432220065.png
    rotation:
      - [0.94647650, 0.31479995, 0.07129676]
      - [-0.30826911, 0.94708892, -0.08940211]
      - [-0.09566815, 0.06263840, 0.99344050]
    translation: [-48.77979302, -34.57234820, 117.78266723]
    rms_error: 0.073947
  - image: thermal_grayscale_image_20250710_142146_032359066.png
    rotation:
      - [0.89257566, -0.44979508, 0.03151320]
      - [0.44851502, 0.89286342, 0.04036325]
      - [-0.04629217, -0.02189312, 0.99868800]
    translation: [-16.83554393, -48.49556802, 120.72550962]
    rms_error: 0.079858
  - image: thermal_grayscale_image_20250710_142152_035103691.png
    rotation:
      - [0.99436807, 0.09692288, -0.04287296]
      - [-0.07495874, 0.92915834, 0.36200271]
      - [0.07492212, -0.35675024, 0.93119061]
    translation: [-58.24773637, 2.98706844, 133.01619659]
    rms_error: 0.071860
  - image: thermal_grayscale_image_20250710_142155_104252834.png
    rotation:
      - [0.89504231, -0.36376325, -0.25802240]
      - [0.42894141, 0.86054067, 0.27473445]
      - [0.12210048, -0.35657545, 0.92625343]
    translation: [-53.15076119, -21.23135123, 128.91690189]
    rms_error: 0.100945
  - image: thermal_grayscale_image_20250710_142157_805432219.png
    rotation:
      - [0.86214418, 0.50332384, -0.05807349]
      - [-0.50424428, 0.86355993, -0.00139439]
      - [0.04944811, 0.03048539, 0.99831134]
    translation: [-78.43960697, -20.24913953, 115.46569642]
    rms_error: 0.077407
  - image: thermal_grayscale_image_20250710_142200_341727941.png
    rotation:
      - [0.94423754, 0.32006125, 0.07730623]
      - [-0.31887782, 0.94739590, -0.02753083]
      - [-0.08205116, 0.00134440, 0.99662721]
    translation: [-57.01616186, -30.14678843, 121.30405115]
    rms_error: 0.088789
  - image: thermal_grayscale_image_20250710_142202_671657577.png
    rotation:
      - [0.89477483, -0.35584219, -0.26973012]
      - [0.41302268, 0.88912939, 0.19713244]
      - [0.16967693, -0.28779380, 0.94254149]
    translation: [-54.44495460, -25.90901329, 118.36008240]
    rms_error: 0.072707
  - image: thermal_grayscale_image_20250710_142216_511497674.png
    rotation:
      - [0.96472277, 0.09347321, 0.24611530]
      - [-0.12718339, 0.98399434, 0.12481796]
      - [-0.23050893, -0.15171651, 0.96116998]
    translation: [-11.45007095, -14.21416438, 152.63480312]
    rms_error: 0.082918
  - image: thermal_grayscale_image_20250710_142219_348335103.png
    rotation:
      - [0.93481375, -0.35439301, -0.02299646]
      - [0.34963424, 0.92975029, -0.11541361]
      - [0.06228274, 0.09984988, 0.99305129]
    translation: [-3.73974483, -57.95712356, 127.61071096]
    rms_error: 0.121573
  - image: thermal_grayscale_image_20250710_142221_514430490.png
    rotation:
      - [0.99290554, -0.10531403, -0.05520451]
      - [0.09096737, 0.97176529, -0.21770890]
      - [0.07657363, 0.21114257, 0.97445128]
    translation: [-31.90636175, -57.76398073, 103.79584147]
    rms_error: 0.059038
  - image: thermal_grayscale_image_20250710_142224_351934438.png
    rotation:
      - [0.96669566, 0.25482163, 0.02377877]
      - [-0.25074818, 0.96163046, -0.11132031]
      - [-0.05123321, 0.10165038, 0.99350006]
    translation: [-52.14989726, -34.92118817, 116.83602844]
    rms_error: 0.096592
  - image: thermal_grayscale_image_20250710_142241_154325780.png
    rotation:
      - [0.99433133, -0.08572655, 0.06289809]
      - [0.06461586, 0.95698943, 0.28283568]
      - [-0.08443934, -0.27716817, 0.95710386]
    translation: [-36.45702528, -16.61524488, 165.41987433]
    rms_error: 0.073065
  - image: thermal_grayscale_image_20250710_142243_426977017.png
    rotation:
      - [0.97608605, 0.12414953, 0.17844587]
      - [-0.14034414, 0.98677168, 0.08114906]
      - [-0.16601071, -0.10425230, 0.98059773]
    translation: [-45.19910223, -34.62192341, 153.87440818]
    rms_error: 0.063215
  - image: thermal_grayscale_image_20250710_142246_293718981.png
    rotation:
      - [0.90926484, -0.41595704, -0.01473764]
      - [0.40325400, 0.87162287, 0.27867503]
      - [-0.10307118, -0.25933242, 0.96027237]
    translation: [-19.82552680, -21.17657269, 157.93233081]
    rms_error: 0.065586
  - image: thermal_grayscale_image_20250710_142250_658887133.png
    rotation:
      - [0.95055248, -0.18084193, -0.25248004]
      - [0.20488057, 0.97612132, 0.07218816]
      - [0.23339651, -0.12034689, 0.96490554]
    translation: [-75.48699157, -39.16864008, 119.66981294]
    rms_error: 0.073782
  - image: thermal_grayscale_image_20250710_142255_896691314.png
    rotation:
      - [0.69619116, 0.69841461, 0.16593645]
      - [-0.69520723, 0.71357218, -0.08661213]
      - [-0.17889881, -0.05506162, 0.98232552]
    translation: [-43.90156950, -8.38153638, 132.78761896]
    rms_error: 0.095698
  - image: thermal_grayscale_image_20250710_142258_397615271.png
    rotation:
      - [0.90126111, -0.41694452, -0.11783756]
      - [0.42526033, 0.90331646, 0.05632962]
      - [0.08295828, -0.10087933, 0.99143395]
    translation: [-40.37979031, -46.07819053, 123.04196616]
    rms_error: 0.099861
  - image: thermal_grayscale_image_20250710_142300_302670240.png
    rotation:
      - [0.99867620, -0.04321820, 0.02789337]
      - [0.04794365, 0.97854469, -0.20037890]
      - [-0.01863489, 0.20145095, 0.97932132]
    translation: [-43.72902491, -66.15668166, 112.08612505]
    rms_error: 0.074315
  - image: thermal_grayscale_image_20250710_142302_802176164.png
    rotation:
      - [0.98296150, -0.13243945, 0.12746172]
      - [0.12789400, 0.99084460, 0.04324465]
      - [-0.13202205, -0.02620624, 0.99090030]
    translation: [-10.14462745, -41.97562124, 145.82372770]
    rms_error: 0.097219
  - image: thermal_grayscale_image_20250710_142304_966589490.png
    rotation:
      - [0.99817043, 0.01103777, -0.05944712]
      - [-0.01686131, 0.99500708, -0.09836978]
      - [0.05806452, 0.09919216, 0.99337275]
    translation: [-45.60153447, -55.29823493, 101.48850553]
    rms_error: 0.100972
  - image: thermal_grayscale_image_20250710_142306_834708459.png
    rotation:
      - [0.83566566, -0.54687256, -0.05092456]
      - [0.54913748, 0.83369097, 0.05837292]
      - [0.01053280, -0.07674483, 0.99699513]
    translation: [-12.17298060, -47.74047693, 113.94881000]
    rms_error: 0.084246
  - image: thermal_grayscale_image_20250710_142308_672784578.png
    rotation:
      - [0.83492389, 0.54683257, -0.06225944]
      - [-0.53838678, 0.83498220, 0.11377346]
      - [0.11420055, -0.06147252, 0.99155401]
    translation: [-68.44344826, -2.98376889, 133.74522337]
    rms_error: 0.106187
  - image: thermal_grayscale_image_20250710_142315_237621166.png
    rotation:
      - [0.65566436, 0.74741743, 0.10710474]
      - [-0.74901804, 0.66174529, -0.03263653]
      - [-0.09526917, -0.05882477, 0.99371195]
    translation: [-48.79269410, 9.32922493, 131.39795987]
    rms_error: 0.069566
  - image: thermal_grayscale_image_20250710_142320_004244480.png
    rotation:
      - [0.99850565, -0.03720124, -0.04003163]
      - [0.04401713, 0.98162014, 0.18569972]
      - [0.03238759, -0.18718429, 0.98179075]
    translation: [-47.11274882, -15.08726262, 125.55622594]
    rms_error: 0.069059
  - image: thermal_grayscale_image_20250710_142321_741976258.png
    rotation:
      - [0.85526123, 0.46267903, 0.23335886]
      - [-0.46114936, 0.88497389, -0.06451734]
      - [-0.23636732, -0.05243410, 0.97024799]
    translation: [-29.18672329, -25.52134905, 128.71099478]
    rms_error: 0.082250
  - image: thermal_grayscale_image_20250710_142323_643798110.png
    rotation:
      - [0.93283926, 0.27459448, 0.23325691]
      - [-0.25062498, 0.95966034, -0.12743294]
      - [-0.25883978, 0.06041444, 0.96402908]
    translation: [-24.45040604, -43.98496727, 123.00463546]
    rms_error: 0.063088
