Left Thermal Camera
intrinsic:
  fx: 344.08059125
  fy: 343.71871889
  cx: 320.20695996
  cy: 271.73937497
  k1: -0.21823207
  k2: 0.04657087
  p1: 0.00000000
  p2: 0.00000000
extrinsics:
  - image: thermal_inferno_image_20250710_135821_412541563.png
    rotation:
      - [0.92187651, -0.36335898, -0.13458809]
      - [0.38641158, 0.88790979, 0.24960429]
      - [0.02880612, -0.28211072, 0.95894929]
    translation: [15.56514717, -14.29428653, 163.60638782]
    rms_error: 0.066314
  - image: thermal_inferno_image_20250710_135835_851840047.png
    rotation:
      - [0.96126579, -0.13374823, -0.24099685]
      - [0.07703703, 0.96990003, -0.23099617]
      - [0.26463818, 0.20348303, 0.94263529]
    translation: [-34.55035766, -62.64479061, 116.70065719]
    rms_error: 0.099015
  - image: thermal_inferno_image_20250710_135849_024874296.png
    rotation:
      - [0.99066410, -0.02470861, -0.13406760]
      - [0.08826864, 0.86571583, 0.49269133]
      - [0.10389072, -0.49992558, 0.85981459]
    translation: [-32.15158617, 30.37557219, 160.13610403]
    rms_error: 0.059778
  - image: thermal_inferno_image_20250710_135852_391954347.png
    rotation:
      - [0.87741923, -0.47809852, -0.03946265]
      - [0.47347873, 0.84983008, 0.23153124]
      - [-0.07715820, -0.22183469, 0.97202674]
    translation: [18.70814521, -8.88691899, 156.61555156]
    rms_error: 0.077372
  - image: thermal_inferno_image_20250710_135855_759201148.png
    rotation:
      - [0.90456924, -0.41852179, -0.08120341]
      - [0.40879765, 0.90555311, -0.11339334]
      - [0.12099159, 0.06937636, 0.99022621]
    translation: [-4.90908546, -66.01949434, 104.18035669]
    rms_error: 0.070393
  - image: thermal_inferno_image_20250710_135901_626969478.png
    rotation:
      - [0.55003267, -0.83511808, -0.00646898]
      - [0.79809767, 0.52789986, -0.29045109]
      - [0.24597593, 0.15459471, 0.95686797]
    translation: [28.25044060, -61.06706233, 103.46881447]
    rms_error: 0.084144
  - image: thermal_inferno_image_20250710_135920_600581823.png
    rotation:
      - [0.91074445, 0.33966379, -0.23488948]
      - [-0.13893990, 0.78764318, 0.60026155]
      - [0.38889621, -0.51404936, 0.76453450]
    translation: [-32.06465009, 3.74541735, 99.61648023]
    rms_error: 0.114851
  - image: thermal_inferno_image_20250710_135932_605437095.png
    rotation:
      - [0.86534888, 0.20419385, -0.45768569]
      - [-0.10484115, 0.96678435, 0.23310158]
      - [0.49008128, -0.15372990, 0.85801367]
    translation: [-9.50407246, -5.37210689, 76.31813014]
    rms_error: 0.096628
  - image: thermal_inferno_image_20250710_135942_210173583.png
    rotation:
      - [0.67937179, 0.65239334, -0.33591203]
      - [-0.51200280, 0.74936873, 0.41988050]
      - [0.52564922, -0.11326707, 0.84312720]
    translation: [-26.80729325, -4.55877902, 81.66703619]
    rms_error: 0.106920
  - image: thermal_inferno_image_20250710_135948_245482384.png
    rotation:
      - [0.78503974, 0.61579869, 0.06711616]
      - [-0.60282899, 0.73455648, 0.31148674]
      - [0.14251252, -0.28498903, 0.94787733]
    translation: [-23.85696859, 3.36759687, 97.62127451]
    rms_error: 0.082580
  - image: thermal_inferno_image_20250710_135958_616606044.png
    rotation:
      - [0.93929281, 0.03901693, -0.34089104]
      - [0.04483055, 0.97104137, 0.23466758]
      - [0.34017532, -0.23570390, 0.91034303]
    translation: [-36.41473043, -37.13907076, 91.50771367]
    rms_error: 0.123870
  - image: thermal_inferno_image_20250710_140003_185834797.png
    rotation:
      - [0.95415992, 0.23436682, -0.18614788]
      - [-0.12343970, 0.87474239, 0.46860260]
      - [0.27265634, -0.42414379, 0.86357430]
    translation: [-23.88530375, -15.04563938, 89.40499401]
    rms_error: 0.096060
  - image: thermal_inferno_image_20250710_140015_757192859.png
    rotation:
      - [0.66872681, -0.38817141, -0.63413517]
      - [0.61449750, 0.76869660, 0.17747778]
      - [0.41856575, -0.50835863, 0.75257838]
    translation: [-32.92373126, -11.30679760, 112.68729976]
    rms_error: 0.102430
  - image: thermal_inferno_image_20250710_140029_102408100.png
    rotation:
      - [0.58419809, 0.81063260, -0.03984199]
      - [-0.71311113, 0.53611895, 0.45171781]
      - [0.38753723, -0.23548091, 0.89127080]
    translation: [-47.18292945, 10.56530138, 103.04376827]
    rms_error: 0.153005
  - image: thermal_inferno_image_20250710_140033_935505237.png
    rotation:
      - [0.65698936, 0.75389983, -0.00017821]
      - [-0.69231539, 0.60341487, 0.39571442]
      - [0.29843657, -0.25985679, 0.91837360]
    translation: [-36.78643942, -3.31813754, 91.01479461]
    rms_error: 0.127421
  - image: thermal_inferno_image_20250710_140048_474794749.png
    rotation:
      - [0.90469725, 0.29032862, -0.31182076]
      - [-0.22153302, 0.94571596, 0.23779076]
      - [0.36393133, -0.14605005, 0.91990400]
    translation: [-11.18487309, -33.91346574, 70.95328719]
    rms_error: 0.101569
  - image: thermal_inferno_image_20250710_140054_140902351.png
    rotation:
      - [0.57775362, 0.79755868, -0.17349613]
      - [-0.67938632, 0.58772045, 0.43933916]
      - [0.45236598, -0.13595890, 0.88140808]
    translation: [-54.23425213, 8.34152656, 76.67946115]
    rms_error: 0.134253
  - image: thermal_inferno_image_20250710_140111_183344517.png
    rotation:
      - [0.64118888, 0.75788420, 0.12036760]
      - [-0.74640517, 0.57951591, 0.32717065]
      - [0.17820253, -0.29962119, 0.93726784]
    translation: [-24.16149266, 0.43720534, 97.44481390]
    rms_error: 0.127752
  - image: thermal_inferno_image_20250710_140116_584678616.png
    rotation:
      - [0.97523055, -0.04347892, -0.21687544]
      - [0.15684915, 0.82727512, 0.53945734]
      - [0.15596063, -0.56011201, 0.81360360]
    translation: [-12.96788506, -0.88190498, 115.94513566]
    rms_error: 0.078801
  - image: thermal_inferno_image_20250710_140121_623836227.png
    rotation:
      - [0.85833590, 0.51302263, 0.00820137]
      - [-0.49630401, 0.82609697, 0.26691969]
      - [0.13016071, -0.23317713, 0.96368388]
    translation: [-20.85075642, 6.18112668, 105.78666269]
    rms_error: 0.082072
  - image: thermal_inferno_image_20250710_140136_593872928.png
    rotation:
      - [0.96692795, -0.25492979, 0.00781980]
      - [0.25227697, 0.96047516, 0.11765963]
      - [-0.03750567, -0.11179563, 0.99302319]
    translation: [9.45656055, -38.69165617, 111.75734284]
    rms_error: 0.072795
  - image: thermal_inferno_image_20250710_140140_533074763.png
    rotation:
      - [0.92673547, 0.34406210, 0.15093919]
      - [-0.36668530, 0.91581135, 0.16380309]
      - [-0.08187339, -0.20714932, 0.97487738]
    translation: [-8.29260091, -21.70278004, 117.69550814]
    rms_error: 0.067344
  - image: thermal_inferno_image_20250710_140143_132280274.png
    rotation:
      - [0.94023905, -0.33888120, -0.03331745]
      - [0.33806929, 0.94071262, -0.02772951]
      - [0.04073915, 0.01480876, 0.99906007]
    translation: [10.44278803, -50.61024523, 108.11961188]
    rms_error: 0.069718
  - image: thermal_inferno_image_20250710_140150_303705047.png
    rotation:
      - [0.96505928, 0.26202635, 0.00166674]
      - [-0.25105476, 0.92279105, 0.29228102]
      - [0.07504727, -0.28248695, 0.95633102]
    translation: [-9.67670010, -0.05041170, 143.47171419]
    rms_error: 0.060480
  - image: thermal_inferno_image_20250710_140153_538468973.png
    rotation:
      - [0.42829436, 0.88968145, 0.15821146]
      - [-0.87462850, 0.36413365, 0.32004949]
      - [0.22713198, -0.27545164, 0.93409714]
    translation: [-17.75044891, 30.25787708, 138.60103170]
    rms_error: 0.070258
  - image: thermal_inferno_image_20250710_140157_804447409.png
    rotation:
      - [0.66117709, -0.65025594, -0.37418188]
      - [0.62612992, 0.75303036, -0.20225380]
      - [0.41328705, -0.10056089, 0.90503112]
    translation: [-17.64897093, -61.70471032, 121.69131368]
    rms_error: 0.075404
  - image: thermal_inferno_image_20250710_140208_378247771.png
    rotation:
      - [0.91946663, -0.38376682, 0.08546434]
      - [0.38467178, 0.92303210, 0.00627435]
      - [-0.08129422, 0.02710666, 0.99632147]
    translation: [24.48202303, -50.62223338, 152.71354341]
    rms_error: 0.073967
  - image: thermal_inferno_image_20250710_140211_709765590.png
    rotation:
      - [0.96302649, 0.24744062, -0.10655105]
      - [-0.20712935, 0.93294223, 0.29447620]
      - [0.17227135, -0.26151853, 0.94970029]
    translation: [-34.50526030, -4.12166541, 145.30511141]
    rms_error: 0.085486
  - image: thermal_inferno_image_20250710_140215_280076505.png
    rotation:
      - [0.78029731, -0.62495189, 0.02390075]
      - [0.61575176, 0.76099757, -0.20428524]
      - [0.10948004, 0.17412015, 0.97861959]
    translation: [28.16345459, -68.10892055, 128.47737361]
    rms_error: 0.061233
  - image: thermal_inferno_image_20250710_140218_649427289.png
    rotation:
      - [0.98824135, -0.06537279, -0.13822242]
      - [0.11927777, 0.89520036, 0.42940556]
      - [0.09566532, -0.44084319, 0.89247153]
    translation: [-17.26241432, 14.54337026, 151.57226003]
    rms_error: 0.098531
  - image: thermal_inferno_image_20250710_140225_416604385.png
    rotation:
      - [0.94596226, -0.21318360, -0.24435253]
      - [0.12937843, 0.93907667, -0.31842775]
      - [0.29734934, 0.26960669, 0.91591244]
    translation: [-30.35891048, -62.11803260, 96.93867977]
    rms_error: 0.072920
  - image: thermal_inferno_image_20250710_140230_183740971.png
    rotation:
      - [0.68749968, -0.71570290, -0.12293715]
      - [0.64967162, 0.68182333, -0.33621978]
      - [0.32445489, 0.15128222, 0.93372518]
    translation: [2.44670655, -60.33320033, 107.19346001]
    rms_error: 0.091506
  - image: thermal_inferno_image_20250710_140404_515945666.png
    rotation:
      - [0.97899630, 0.11381570, -0.16915148]
      - [-0.13489353, 0.98371006, -0.11882027]
      - [0.15287240, 0.13914205, 0.97840151]
    translation: [-27.48785779, -60.60583710, 132.34694871]
    rms_error: 0.082381
  - image: thermal_inferno_image_20250710_140408_119105324.png
    rotation:
      - [0.95033350, -0.06466069, -0.30444251]
      - [-0.03499141, 0.94978125, -0.31095204]
      - [0.30926016, 0.30616101, 0.90034637]
    translation: [-37.68398020, -54.77100313, 90.66518919]
    rms_error: 0.102203
  - image: thermal_inferno_image_20250710_140411_816425984.png
    rotation:
      - [0.66162784, -0.72134854, -0.20470682]
      - [0.63626207, 0.68454561, -0.35576381]
      - [0.39676086, 0.10513605, 0.91188115]
    translation: [-8.63543031, -60.05242465, 102.62068919]
    rms_error: 0.069300
  - image: thermal_inferno_image_20250710_140415_919607211.png
    rotation:
      - [0.79632908, 0.59128647, -0.12743751]
      - [-0.53819285, 0.78880713, 0.29686996]
      - [0.27605880, -0.16782023, 0.94637620]
    translation: [-38.98348808, 14.56245600, 114.75598624]
    rms_error: 0.095556
  - image: thermal_inferno_image_20250710_140420_287839240.png
    rotation:
      - [0.94269699, 0.10581425, -0.31642651]
      - [-0.21898236, 0.91175198, -0.34749827]
      - [0.25173223, 0.39687740, 0.88267730]
    translation: [-34.26989571, -50.84926901, 84.35768033]
    rms_error: 0.098862
  - image: thermal_inferno_image_20250710_140424_956613559.png
    rotation:
      - [0.76073542, 0.64539983, -0.06885260]
      - [-0.62864329, 0.75904457, 0.16928956]
      - [0.16152165, -0.08550083, 0.98315836]
    translation: [-34.01477482, 7.71287810, 116.60524417]
    rms_error: 0.101958
  - image: thermal_inferno_image_20250710_140426_992964616.png
    rotation:
      - [0.86064225, -0.49665493, 0.11237792]
      - [0.48910157, 0.86767956, 0.08894853]
      - [-0.14168475, -0.02158864, 0.98967639]
    translation: [23.39304101, -20.80896377, 124.40070852]
    rms_error: 0.065488
  - image: thermal_inferno_image_20250710_140434_997325183.png
    rotation:
      - [0.97750523, 0.10722142, -0.18162347]
      - [-0.04297443, 0.94432597, 0.32619267]
      - [0.20648660, -0.31104988, 0.92769136]
    translation: [-28.54733630, 3.81601872, 145.13752392]
    rms_error: 0.074865
  - image: thermal_inferno_image_20250710_140441_597808352.png
    rotation:
      - [0.96597972, -0.25334048, -0.05197867]
      - [0.24134424, 0.95528666, -0.17082260]
      - [0.09293081, 0.15246642, 0.98392980]
    translation: [-1.63488692, -57.79836101, 119.91431372]
    rms_error: 0.084916
  - image: thermal_inferno_image_20250710_140547_596118936.png
    rotation:
      - [0.86666723, -0.07317027, 0.49349166]
      - [-0.03738735, 0.97687830, 0.21050171]
      - [-0.49748376, -0.20088528, 0.84389277]
    translation: [7.93249243, -22.02923434, 125.78025996]
    rms_error: 0.096010
  - image: thermal_inferno_image_20250710_140553_066347795.png
    rotation:
      - [0.87655973, -0.22522894, 0.42534101]
      - [0.13421891, 0.96307991, 0.23337176]
      - [-0.46219945, -0.14747548, 0.87442704]
    translation: [4.89770613, -24.77132463, 113.04049606]
    rms_error: 0.088534
  - image: thermal_inferno_image_20250710_140555_435771517.png
    rotation:
      - [0.66405679, -0.74028600, 0.10490573]
      - [0.70253954, 0.66580578, 0.25127843]
      - [-0.25586474, -0.09316273, 0.96221304]
    translation: [12.31833813, -43.41529565, 104.49701494]
    rms_error: 0.097160
  - image: thermal_inferno_image_20250710_140601_002586970.png
    rotation:
      - [0.70189159, 0.41433041, 0.57937768]
      - [-0.58432177, 0.80009436, 0.13570959]
      - [-0.40732820, -0.43379641, 0.80368178]
    translation: [5.91754888, 12.51540318, 129.08354284]
    rms_error: 0.072070
  - image: thermal_inferno_image_20250710_140604_638977594.png
    rotation:
      - [0.86788390, 0.00316622, 0.49675700]
      - [-0.24890844, 0.86816856, 0.42933429]
      - [-0.42990945, -0.49625933, 0.75425762]
    translation: [19.25497883, 15.24044478, 141.89247919]
    rms_error: 0.064667
  - image: thermal_inferno_image_20250710_140609_502227324.png
    rotation:
      - [0.98560673, -0.07852126, 0.14971237]
      - [0.06852347, 0.99513303, 0.07081517]
      - [-0.15454422, -0.05953709, 0.98619036]
    translation: [-31.81869699, -25.11569929, 93.08841677]
    rms_error: 0.103767
  - image: thermal_inferno_image_20250710_140618_544304848.png
    rotation:
      - [0.83133867, -0.02059739, 0.55538434]
      - [-0.01546240, 0.99806896, 0.06016033]
      - [-0.55555102, -0.05860118, 0.82941483]
    translation: [2.16961368, -16.47262735, 110.06695716]
    rms_error: 0.069740
  - image: thermal_inferno_image_20250710_140634_452660020.png
    rotation:
      - [0.70251747, 0.40072737, 0.58812140]
      - [-0.57869989, 0.80266330, 0.14435392]
      - [-0.41421690, -0.44175695, 0.79578588]
    translation: [-1.50161121, 11.89492013, 149.87878432]
    rms_error: 0.073609
  - image: thermal_inferno_image_20250710_140639_119949456.png
    rotation:
      - [0.89091341, -0.41494346, 0.18464890]
      - [0.30943942, 0.85216560, 0.42197279]
      - [-0.33244629, -0.31880356, 0.88760563]
    translation: [-14.04336255, -23.58501755, 147.76451043]
    rms_error: 0.071988
  - image: thermal_inferno_image_20250710_140643_722167221.png
    rotation:
      - [0.55810763, 0.48574661, 0.67273033]
      - [-0.65466439, 0.75591487, -0.00269037]
      - [-0.50983370, -0.43891108, 0.73988287]
    translation: [1.59878768, 5.85194143, 150.72811799]
    rms_error: 0.094069
  - image: thermal_inferno_image_20250710_140648_823360400.png
    rotation:
      - [0.88159898, 0.20434078, 0.42547395]
      - [-0.21604111, 0.97615477, -0.02116839]
      - [-0.41965399, -0.07325784, 0.90472306]
    translation: [-23.92611949, -25.38289785, 110.44772185]
    rms_error: 0.099256
  - image: thermal_inferno_image_20250710_140803_396217124.png
    rotation:
      - [0.88291787, -0.07557946, 0.46340455]
      - [-0.14609952, 0.89374013, 0.42412677]
      - [-0.44621851, -0.44217229, 0.77805701]
    translation: [7.34856329, 7.24416766, 135.35543753]
    rms_error: 0.059414
  - image: thermal_inferno_image_20250710_140820_870196814.png
    rotation:
      - [0.72754644, 0.39617291, 0.56010999]
      - [-0.57628531, 0.79589135, 0.18561307]
      - [-0.37225182, -0.45782528, 0.80735654]
    translation: [-7.80885531, 10.63091456, 136.10105044]
    rms_error: 0.087411
  - image: thermal_inferno_image_20250710_141004_225603356.png
    rotation:
      - [0.92631708, -0.35841320, 0.11608900]
      - [0.36369117, 0.93111984, -0.02728684]
      - [-0.09831281, 0.06749681, 0.99286392]
    translation: [-15.50839842, -41.87110406, 95.53405143]
    rms_error: 0.079031
  - image: thermal_inferno_image_20250710_141008_228006570.png
    rotation:
      - [0.92452715, 0.30756599, 0.22506158]
      - [-0.33554502, 0.93691172, 0.09801007]
      - [-0.18071827, -0.16613127, 0.96940255]
    translation: [-25.50044866, -3.22929854, 102.87388069]
    rms_error: 0.092384
  - image: thermal_inferno_image_20250710_141011_728604712.png
    rotation:
      - [0.99619035, -0.00532696, 0.08704256]
      - [0.02259772, 0.97980709, -0.19866408]
      - [-0.08422664, 0.19987421, 0.97619474]
    translation: [-30.80873966, -39.05787353, 91.22267190]
    rms_error: 0.115497
  - image: thermal_inferno_image_20250710_141843_431955004.png
    rotation:
      - [0.85166875, 0.13089061, 0.50747216]
      - [-0.14511000, 0.98934697, -0.01164709]
      - [-0.50359054, -0.06371982, 0.86158944]
    translation: [-5.63990419, -40.05650800, 119.33568683]
    rms_error: 0.089678
  - image: thermal_inferno_image_20250710_141850_634867266.png
    rotation:
      - [0.68625496, 0.24545775, 0.68469308]
      - [-0.36471722, 0.93057014, 0.03194622]
      - [-0.62931349, -0.27164261, 0.72813105]
    translation: [2.58309146, -15.22634670, 127.29842389]
    rms_error: 0.086319
  - image: thermal_inferno_image_20250710_141855_734849865.png
    rotation:
      - [0.86747699, 0.19911074, 0.45589317]
      - [-0.14618374, 0.97797655, -0.14897042]
      - [-0.47551444, 0.06258424, 0.87747890]
    translation: [-15.98316992, -27.83620913, 96.76386436]
    rms_error: 0.126022
  - image: thermal_inferno_image_20250710_141858_801711608.png
    rotation:
      - [0.86400436, 0.13427674, 0.48524862]
      - [-0.08442421, 0.98877303, -0.12329007]
      - [-0.49635574, 0.06555643, 0.86564042]
    translation: [-6.26330844, -27.91064503, 96.24894779]
    rms_error: 0.079758
  - image: thermal_inferno_image_20250710_141902_641104975.png
    rotation:
      - [0.87799924, -0.43747083, 0.19425913]
      - [0.40517628, 0.89532790, 0.18498684]
      - [-0.25485197, -0.08370911, 0.96335002]
    translation: [0.73950793, -30.66522710, 101.83060944]
    rms_error: 0.087346
  - image: thermal_inferno_image_20250710_141906_110422142.png
    rotation:
      - [0.44867123, -0.88600630, -0.11699125]
      - [0.89349700, 0.44194225, 0.07968789]
      - [-0.01890060, -0.14028499, 0.98993075]
    translation: [4.94370363, -49.95087692, 94.27187510]
    rms_error: 0.136722
  - image: thermal_inferno_image_20250710_142016_596830626.png
    rotation:
      - [0.83265836, -0.05309072, 0.55123628]
      - [-0.02879309, 0.98989730, 0.13883188]
      - [-0.55303799, -0.13147132, 0.82271761]
    translation: [5.32650672, -35.59336056, 131.01976676]
    rms_error: 0.075540
  - image: thermal_inferno_image_20250710_142025_232699478.png
    rotation:
      - [0.91765628, -0.24270846, 0.31464196]
      - [0.26823879, 0.96252804, -0.03984626]
      - [-0.29318068, 0.12096435, 0.94837372]
    translation: [-9.13986545, -41.78110748, 82.61442603]
    rms_error: 0.080609
  - image: thermal_inferno_image_20250710_142030_633194217.png
    rotation:
      - [0.85648940, 0.36906670, 0.36085411]
      - [-0.36940277, 0.92656297, -0.07087070]
      - [-0.36051007, -0.07260050, 0.92992562]
    translation: [-21.68424445, -6.64642222, 97.62710027]
    rms_error: 0.120841
  - image: thermal_inferno_image_20250710_142035_701317319.png
    rotation:
      - [0.90316054, 0.14084609, 0.40554090]
      - [-0.12940305, 0.99002903, -0.05565403]
      - [-0.40933592, -0.00221370, 0.91238106]
    translation: [-24.55407569, -25.22406601, 94.94885457]
    rms_error: 0.080081
  - image: thermal_inferno_image_20250710_142043_504285558.png
    rotation:
      - [0.96860706, -0.19411883, 0.15530048]
      - [0.19640454, 0.98052274, 0.00063811]
      - [-0.15239952, 0.02988365, 0.98786707]
    translation: [-21.25002163, -42.92758830, 66.09732198]
    rms_error: 0.104327
  - image: thermal_inferno_image_20250710_142048_274131978.png
    rotation:
      - [0.97049918, -0.11363071, 0.21264853]
      - [0.10491118, 0.99312711, 0.05188624]
      - [-0.21708290, -0.02804635, 0.97575018]
    translation: [-21.25157586, -30.80002178, 71.62366678]
    rms_error: 0.112206
  - image: thermal_inferno_image_20250710_142053_575274685.png
    rotation:
      - [0.94478713, 0.05207803, 0.32351994]
      - [-0.08725564, 0.99162757, 0.09519042]
      - [-0.31585397, -0.11816363, 0.94142107]
    translation: [-20.78461269, -10.76856657, 79.24248047]
    rms_error: 0.184355
  - image: thermal_inferno_image_20250710_142057_109530437.png
    rotation:
      - [0.94640035, -0.24273741, 0.21308431]
      - [0.23035382, 0.96968577, 0.08152679]
      - [-0.22641442, -0.02807220, 0.97362645]
    translation: [-8.32031274, -26.23322896, 73.13083188]
    rms_error: 0.105062
  - image: thermal_inferno_image_20250710_142059_647793066.png
    rotation:
      - [0.89419908, -0.42531941, 0.13968324]
      - [0.41628784, 0.90476787, 0.08999744]
      - [-0.16465857, -0.02232719, 0.98609789]
    translation: [-2.43368425, -35.26329342, 73.68077626]
    rms_error: 0.176404
  - image: thermal_inferno_image_20250710_142105_148093546.png
    rotation:
      - [0.88309617, 0.13723183, 0.44867425]
      - [-0.21360520, 0.96901310, 0.12404209]
      - [-0.41774870, -0.20538024, 0.88504519]
    translation: [-8.32974838, -6.26585610, 94.17826030]
    rms_error: 0.082587
  - image: thermal_inferno_image_20250710_142127_826956961.png
    rotation:
      - [0.97490512, 0.04407692, 0.21821372]
      - [-0.04418741, 0.99901368, -0.00437602]
      - [-0.21819137, -0.00537609, 0.97589119]
    translation: [7.90669648, -43.72154031, 151.63030870]
    rms_error: 0.077498
  - image: thermal_inferno_image_20250710_142133_329734191.png
    rotation:
      - [0.94732877, -0.02846487, 0.31899523]
      - [-0.01081035, 0.99263269, 0.12067926]
      - [-0.32008021, -0.11777138, 0.94004178]
    translation: [10.03711536, -25.99241084, 162.39940093]
    rms_error: 0.084618
  - image: thermal_inferno_image_20250710_142136_997891634.png
    rotation:
      - [0.97239796, -0.23243576, 0.02039163]
      - [0.23306698, 0.97172836, -0.03773291]
      - [-0.01104465, 0.04144402, 0.99907978]
    translation: [1.66162857, -50.56034197, 135.84583919]
    rms_error: 0.066984
  - image: thermal_inferno_image_20250710_142140_297365140.png
    rotation:
      - [0.99973232, 0.00770330, -0.02181625]
      - [-0.01343420, 0.96097642, -0.27630391]
      - [0.01883645, 0.27652303, 0.96082267]
    translation: [-28.86158695, -52.61933026, 96.95487525]
    rms_error: 0.128254
  - image: thermal_inferno_image_20250710_142143_432220065.png
    rotation:
      - [0.94949413, 0.30779850, 0.06099981]
      - [-0.30222242, 0.94934588, -0.08604656]
      - [-0.08439492, 0.06326520, 0.99442195]
    translation: [-37.90048155, -34.30679728, 117.65284758]
    rms_error: 0.100661
  - image: thermal_inferno_image_20250710_142146_032359066.png
    rotation:
      - [0.89004941, -0.45549626, 0.01830854]
      - [0.45439311, 0.88968543, 0.04457280]
      - [-0.03659158, -0.03135271, 0.99883836]
    translation: [-5.89308459, -48.01234684, 121.08020989]
    rms_error: 0.073598
  - image: thermal_inferno_image_20250710_142152_035103691.png
    rotation:
      - [0.99380830, 0.09514056, -0.05738758]
      - [-0.06790580, 0.92890547, 0.36403767]
      - [0.08794238, -0.35788671, 0.92961456]
    translation: [-47.76402320, 3.23072925, 132.64310294]
    rms_error: 0.078314
  - image: thermal_inferno_image_20250710_142155_104252834.png
    rotation:
      - [0.89023668, -0.36521452, -0.27220764]
      - [0.43596411, 0.85630449, 0.27690778]
      - [0.13196188, -0.36518622, 0.92153409]
    translation: [-42.43739477, -20.94257015, 128.69963309]
    rms_error: 0.083043
  - image: thermal_inferno_image_20250710_142157_805432219.png
    rotation:
      - [0.86496702, 0.49716548, -0.06825347]
      - [-0.49817497, 0.86707279, 0.00254539]
      - [0.06044621, 0.03180049, 0.99766477]
    translation: [-67.65778019, -20.26363441, 114.98266278]
    rms_error: 0.105062
  - image: thermal_inferno_image_20250710_142200_341727941.png
    rotation:
      - [0.94731338, 0.31368550, 0.06479789]
      - [-0.31290297, 0.94952667, -0.02215476]
      - [-0.06847695, 0.00071205, 0.99765244]
    translation: [-46.22386874, -29.97780127, 121.03064132]
    rms_error: 0.097771
  - image: thermal_inferno_image_20250710_142202_671657577.png
    rotation:
      - [0.88995615, -0.35779349, -0.28277529]
      - [0.41967069, 0.88519466, 0.20076586]
      - [0.17847846, -0.29734531, 0.93793987]
    translation: [-43.60095933, -25.71862200, 118.17853235]
    rms_error: 0.084091
  - image: thermal_inferno_image_20250710_142216_511497674.png
    rotation:
      - [0.96819771, 0.08831987, 0.23407861]
      - [-0.12123262, 0.98405455, 0.13015102]
      - [-0.21885120, -0.15438989, 0.96346661]
    translation: [-1.11932790, -13.58382407, 152.93198364]
    rms_error: 0.071790
  - image: thermal_inferno_image_20250710_142219_348335103.png
    rotation:
      - [0.92576111, -0.37325255, -0.06040607]
      - [0.36836589, 0.92635541, -0.07856350]
      - [0.08528152, 0.05047950, 0.99507733]
    translation: [4.42334401, -54.94912150, 130.69573957]
    rms_error: 0.079079
  - image: thermal_inferno_image_20250710_142221_514430490.png
    rotation:
      - [0.99113591, -0.11488222, -0.06672096]
      - [0.09824757, 0.97188804, -0.21396508]
      - [0.08942608, 0.20551330, 0.97456003]
    translation: [-20.68745788, -57.47811864, 103.96036985]
    rms_error: 0.070991
  - image: thermal_inferno_image_20250710_142224_351934438.png
    rotation:
      - [0.96908405, 0.24635640, 0.01358803]
      - [-0.24358410, 0.96404015, -0.10627028]
      - [-0.03927978, 0.09967501, 0.99424443]
    translation: [-41.19639496, -34.71157153, 116.70238184]
    rms_error: 0.129134
  - image: thermal_inferno_image_20250710_142241_154325780.png
    rotation:
      - [0.99499857, -0.08836742, 0.04657308]
      - [0.07123549, 0.95457864, 0.28931837]
      - [-0.07002398, -0.28455371, 0.95609928]
    translation: [-26.29187403, -16.08279662, 165.30116600]
    rms_error: 0.093525
  - image: thermal_inferno_image_20250710_142243_426977017.png
    rotation:
      - [0.97951575, 0.11937851, 0.16216554]
      - [-0.13424814, 0.98737876, 0.08402750]
      - [-0.15008773, -0.10407668, 0.98317939]
    translation: [-34.78492885, -34.26598027, 153.82653162]
    rms_error: 0.082478
  - image: thermal_inferno_image_20250710_142246_293718981.png
    rotation:
      - [0.90786264, -0.41823829, -0.02936249]
      - [0.40908488, 0.86829732, 0.28055182]
      - [-0.09184214, -0.26671427, 0.95938966]
    translation: [-9.47117560, -20.57723948, 158.14889390]
    rms_error: 0.061300
  - image: thermal_inferno_image_20250710_142250_658887133.png
    rotation:
      - [0.94648282, -0.18574926, -0.26394599]
      - [0.21240143, 0.97421842, 0.07605325]
      - [0.24301421, -0.12804560, 0.96153441]
    translation: [-64.63201517, -39.17085262, 119.32355550]
    rms_error: 0.131299
  - image: thermal_inferno_image_20250710_142255_896691314.png
    rotation:
      - [0.70311938, 0.69422643, 0.15385970]
      - [-0.69104054, 0.71812125, -0.08224867]
      - [-0.16758912, -0.04849266, 0.98466357]
    translation: [-33.37099494, -8.08627525, 132.52238159]
    rms_error: 0.100956
  - image: thermal_inferno_image_20250710_142258_397615271.png
    rotation:
      - [0.89714067, -0.42130947, -0.13280419]
      - [0.43186021, 0.89973441, 0.06304567]
      - [0.09292676, -0.11391368, 0.98913512]
    translation: [-29.51905173, -45.78337114, 123.07689318]
    rms_error: 0.091091
  - image: thermal_inferno_image_20250710_142300_302670240.png
    rotation:
      - [0.99851026, -0.05182144, 0.01708234]
      - [0.05414655, 0.97972228, -0.19290516]
      - [-0.00673932, 0.19354273, 0.98106870]
    translation: [-32.59119649, -65.88491873, 112.16844942]
    rms_error: 0.089715
  - image: thermal_inferno_image_20250710_142302_802176164.png
    rotation:
      - [0.98379719, -0.13845984, 0.11389453]
      - [0.13403363, 0.98992339, 0.04568015]
      - [-0.11907172, -0.02967430, 0.99244212]
    translation: [0.50420113, -41.36834518, 146.19933199]
    rms_error: 0.075602
  - image: thermal_inferno_image_20250710_142304_966589490.png
    rotation:
      - [0.99736326, 0.00237697, -0.07253186]
      - [-0.00916028, 0.99559279, -0.09333324]
      - [0.07199035, 0.09375156, 0.99298944]
    translation: [-34.36386244, -55.18048195, 101.40835441]
    rms_error: 0.089281
  - image: thermal_inferno_image_20250710_142306_834708459.png
    rotation:
      - [0.83181829, -0.55170561, -0.06082149]
      - [0.55474146, 0.82999407, 0.05806673]
      - [0.01844574, -0.08204117, 0.99645823]
    translation: [-1.02983505, -47.36050194, 114.18093423]
    rms_error: 0.070221
  - image: thermal_inferno_image_20250710_142308_672784578.png
    rotation:
      - [0.83641750, 0.54214147, -0.08055051]
      - [-0.53185769, 0.83833382, 0.11968210]
      - [0.13241285, -0.05726279, 0.98953919]
    translation: [-57.98408588, -2.91409999, 133.01643180]
    rms_error: 0.101722
  - image: thermal_inferno_image_20250710_142315_237621166.png
    rotation:
      - [0.66152518, 0.74390854, 0.09478671]
      - [-0.74502071, 0.66635861, -0.03017195]
      - [-0.08560711, -0.05065855, 0.99504027]
    translation: [-38.34724793, 9.62664355, 131.05968009]
    rms_error: 0.084334
  - image: thermal_inferno_image_20250710_142320_004244480.png
    rotation:
      - [0.99765005, -0.04195971, -0.05416414]
      - [0.05148870, 0.98069362, 0.18865031]
      - [0.04520272, -0.19099584, 0.98054949]
    translation: [-36.40786461, -14.84769527, 125.33388790]
    rms_error: 0.077656
  - image: thermal_inferno_image_20250710_142321_741976258.png
    rotation:
      - [0.86125354, 0.45624651, 0.22378885]
      - [-0.45547205, 0.88834482, -0.05821248]
      - [-0.22536091, -0.05179386, 0.97289766]
    translation: [-18.46282190, -25.15763559, 128.80991222]
    rms_error: 0.099995
  - image: thermal_inferno_image_20250710_142323_643798110.png
    rotation:
      - [0.93821321, 0.26580604, 0.22159223]
      - [-0.24383599, 0.96214658, -0.12172909]
      - [-0.24556053, 0.06017568, 0.96751171]
    translation: [-13.51213650, -43.59966258, 123.16091160]
    rms_error: 0.076243
