RGB Camera
intrinsic:
  fx: 387.22243591
  fy: 387.07049416
  cx: 323.99310727
  cy: 244.82031200
  k1: -0.05085226
  k2: 0.04278795
  p1: 0.00000000
  p2: 0.00000000
extrinsics:
  - image: realsense_rgb_image_20250710_135821_412541563.png
    rotation:
      - [0.92435043, -0.35655806, -0.13580366]
      - [0.38031956, 0.88954259, 0.25312251]
      - [0.03055027, -0.28562269, 0.95785508]
    translation: [7.88820279, -7.63551563, 166.18777641]
    rms_error: 0.040329
  - image: realsense_rgb_image_20250710_135832_215928193.png
    rotation:
      - [0.92731096, -0.21266070, -0.30800944]
      - [0.31386147, 0.89015051, 0.33033777]
      - [0.20392489, -0.40299813, 0.89219232]
    translation: [-36.51780156, 3.07159439, 177.64439458]
    rms_error: 0.036027
  - image: realsense_rgb_image_20250710_135835_851840047.png
    rotation:
      - [0.96072619, -0.12958786, -0.24538170]
      - [0.07258277, 0.97082891, -0.22852345]
      - [0.26783751, 0.20173798, 0.94210660]
    translation: [-42.52875817, -56.07590355, 119.23593837]
    rms_error: 0.039586
  - image: realsense_rgb_image_20250710_135849_024874296.png
    rotation:
      - [0.99098927, -0.01877350, -0.13261909]
      - [0.08287752, 0.86377047, 0.49702304]
      - [0.10522159, -0.50353564, 0.85754316]
    translation: [-39.55338043, 37.46836929, 162.28520456]
    rms_error: 0.043620
  - image: realsense_rgb_image_20250710_135852_391954347.png
    rotation:
      - [0.87990627, -0.47335945, -0.04117984]
      - [0.46941454, 0.85259688, 0.22962696]
      - [-0.07358629, -0.22138062, 0.97240716]
    translation: [10.94207734, -2.15036491, 158.94590390]
    rms_error: 0.031782
  - image: realsense_rgb_image_20250710_135855_759201148.png
    rotation:
      - [0.90681559, -0.41303162, -0.08420437]
      - [0.40373610, 0.90845878, -0.10816562]
      - [0.12117202, 0.06408993, 0.99056036]
    translation: [-12.66932181, -59.10868779, 106.94059743]
    rms_error: 0.037644
  - image: realsense_rgb_image_20250710_135901_626969478.png
    rotation:
      - [0.55524513, -0.83165304, -0.00748766]
      - [0.79527905, 0.53355193, -0.28784297]
      - [0.24338054, 0.15386863, 0.95764835]
    translation: [20.42076614, -54.65869145, 106.27675037]
    rms_error: 0.036552
  - image: realsense_rgb_image_20250710_135920_600581823.png
    rotation:
      - [0.90846239, 0.34575317, -0.23484213]
      - [-0.14219855, 0.78402457, 0.60422268]
      - [0.39303391, -0.51551937, 0.76142243]
    translation: [-39.35878545, 10.60631535, 101.69155100]
    rms_error: 0.068518
  - image: realsense_rgb_image_20250710_135932_605437095.png
    rotation:
      - [0.86393660, 0.20959485, -0.45791217]
      - [-0.10802467, 0.96523937, 0.23799921]
      - [0.49187826, -0.15615042, 0.85654703]
    translation: [-16.91009202, 1.13204174, 78.67866040]
    rms_error: 0.163878
  - image: realsense_rgb_image_20250710_135942_210173583.png
    rotation:
      - [0.67546465, 0.65773616, -0.33336263]
      - [-0.51514570, 0.74437702, 0.42488558]
      - [0.52761010, -0.11526486, 0.84163032]
    translation: [-34.20627963, 2.09366125, 84.05342236]
    rms_error: 0.428683
  - image: realsense_rgb_image_20250710_135948_245482384.png
    rotation:
      - [0.78135899, 0.62041031, 0.06759565]
      - [-0.60663730, 0.72962000, 0.31566729]
      - [0.14652410, -0.28765552, 0.94645919]
    translation: [-31.13742944, 9.96053095, 99.97742110]
    rms_error: 0.048010
  - image: realsense_rgb_image_20250710_135958_616606044.png
    rotation:
      - [0.93816931, 0.04411236, -0.34335470]
      - [0.04058026, 0.97099566, 0.23562823]
      - [0.34379004, -0.23499260, 0.90916824]
    translation: [-43.93233262, -30.49867523, 93.70738543]
    rms_error: 0.050458
  - image: realsense_rgb_image_20250710_140003_185834797.png
    rotation:
      - [0.95310350, 0.23986651, -0.18454752]
      - [-0.12768796, 0.87156173, 0.47336660]
      - [0.27438934, -0.42760286, 0.86131660]
    translation: [-31.31123792, -8.50848773, 91.81552040]
    rms_error: 0.065458
  - image: realsense_rgb_image_20250710_140015_757192859.png
    rotation:
      - [0.67136309, -0.38184641, -0.63518889]
      - [0.61184832, 0.76920899, 0.18428012]
      - [0.41822630, -0.51235813, 0.75005061]
    translation: [-40.30602625, -4.56390922, 114.80963409]
    rms_error: 0.075117
  - image: realsense_rgb_image_20250710_140029_102408100.png
    rotation:
      - [0.58017955, 0.81365302, -0.03688432]
      - [-0.71459311, 0.53022943, 0.45630410]
      - [0.39083036, -0.23838103, 0.88905912]
    translation: [-54.43395572, 17.18674467, 105.32680339]
    rms_error: 0.049797
  - image: realsense_rgb_image_20250710_140033_935505237.png
    rotation:
      - [0.65185226, 0.75834597, 0.00014447]
      - [-0.69536502, 0.59763962, 0.39911699]
      - [0.30258242, -0.26026577, 0.91690000]
    translation: [-44.07999924, 3.26078332, 93.28188676]
    rms_error: 0.069671
  - image: realsense_rgb_image_20250710_140054_140902351.png
    rotation:
      - [0.57229990, 0.80188233, -0.17163206]
      - [-0.68045735, 0.58117189, 0.44633734]
      - [0.45765775, -0.13865051, 0.87825134]
    translation: [-61.44503657, 14.93624238, 78.74692992]
    rms_error: 0.069780
  - image: realsense_rgb_image_20250710_140111_183344517.png
    rotation:
      - [0.63681116, 0.76129719, 0.12205792]
      - [-0.74912319, 0.57346402, 0.33159230]
      - [0.18244446, -0.30259810, 0.93549367]
    translation: [-31.47505530, 6.99178702, 99.78862339]
    rms_error: 0.050994
  - image: realsense_rgb_image_20250710_140116_584678616.png
    rotation:
      - [0.97640076, -0.03740152, -0.21270326]
      - [0.15028431, 0.82498552, 0.54480595]
      - [0.15510054, -0.56391490, 0.81113735]
    translation: [-20.38429900, 5.56551878, 118.41000670]
    rms_error: 0.046354
  - image: realsense_rgb_image_20250710_140121_623836227.png
    rotation:
      - [0.85540829, 0.51784707, 0.01053928]
      - [-0.50100536, 0.82208286, 0.27050584]
      - [0.13141650, -0.23667317, 0.96266064]
    translation: [-28.15632846, 12.77745313, 108.14990194]
    rms_error: 0.045371
  - image: realsense_rgb_image_20250710_140136_593872928.png
    rotation:
      - [0.96840693, -0.24932781, 0.00486320]
      - [0.24686999, 0.96125324, 0.12266792]
      - [-0.03525929, -0.11759189, 0.99243586]
    translation: [1.77284829, -32.10400879, 114.22373815]
    rms_error: 0.037087
  - image: realsense_rgb_image_20250710_140140_533074763.png
    rotation:
      - [0.92468695, 0.35024727, 0.14926782]
      - [-0.37280427, 0.91252410, 0.16827582]
      - [-0.07727234, -0.21125013, 0.97437281]
    translation: [-15.86410944, -14.96851350, 120.05502808]
    rms_error: 0.038558
  - image: realsense_rgb_image_20250710_140143_132280274.png
    rotation:
      - [0.94180197, -0.33439708, -0.03446214]
      - [0.33385330, 0.94239879, -0.02065191]
      - [0.03938302, 0.00794471, 0.99919260]
    translation: [2.74322338, -44.21543416, 110.84449307]
    rms_error: 0.034690
  - image: realsense_rgb_image_20250710_140150_303705047.png
    rotation:
      - [0.96365668, 0.26711888, 0.00364911]
      - [-0.25606916, 0.91972915, 0.29753467]
      - [0.07612093, -0.28765570, 0.95470404]
    translation: [-17.21479377, 6.75022120, 145.87834768]
    rms_error: 0.036638
  - image: realsense_rgb_image_20250710_140153_538468973.png
    rotation:
      - [0.42232864, 0.89251531, 0.15828753]
      - [-0.87669522, 0.35782314, 0.32150908]
      - [0.23031284, -0.27455242, 0.93358287]
    translation: [-24.92030046, 36.95132927, 140.72421466]
    rms_error: 0.033318
  - image: realsense_rgb_image_20250710_140157_804447409.png
    rotation:
      - [0.66670879, -0.64618795, -0.37140344]
      - [0.62335522, 0.75661088, -0.19740375]
      - [0.40856781, -0.09990546, 0.90724376]
    translation: [-25.52963397, -55.14996664, 124.33158408]
    rms_error: 0.037874
  - image: realsense_rgb_image_20250710_140208_378247771.png
    rotation:
      - [0.92224963, -0.37791053, 0.08148162]
      - [0.37838311, 0.92559333, 0.01015907]
      - [-0.07925806, 0.02146207, 0.99662307]
    translation: [16.53646354, -43.97776933, 155.28547052]
    rms_error: 0.029937
  - image: realsense_rgb_image_20250710_140211_709765590.png
    rotation:
      - [0.96130662, 0.25371392, -0.10732585]
      - [-0.21297871, 0.93158502, 0.29460045]
      - [0.17472739, -0.26034324, 0.94957450]
    translation: [-42.11054401, 2.66519974, 147.38767130]
    rms_error: 0.030570
  - image: realsense_rgb_image_20250710_140215_280076505.png
    rotation:
      - [0.78365006, -0.62083772, 0.02128631]
      - [0.61154781, 0.76499969, -0.20195235]
      - [0.10909561, 0.17127756, 0.97916400]
    translation: [20.14416610, -61.63200598, 131.20173672]
    rms_error: 0.030686
  - image: realsense_rgb_image_20250710_140218_649427289.png
    rotation:
      - [0.98824763, -0.05898164, -0.14102410]
      - [0.11508534, 0.89428033, 0.43245585]
      - [0.10060812, -0.44360327, 0.89055833]
    translation: [-24.68438818, 21.34205613, 153.38504361]
    rms_error: 0.034136
  - image: realsense_rgb_image_20250710_140225_416604385.png
    rotation:
      - [0.94674831, -0.20825705, -0.24555373]
      - [0.12528989, 0.94083035, -0.31486616]
      - [0.29659750, 0.26733360, 0.91682205]
    translation: [-38.21782907, -55.38125393, 99.45175347]
    rms_error: 0.046786
  - image: realsense_rgb_image_20250710_140230_183740971.png
    rotation:
      - [0.69069055, -0.71226563, -0.12499694]
      - [0.64710559, 0.68591357, -0.33283170]
      - [0.32280168, 0.14899749, 0.93466509]
    translation: [-5.39084953, -53.78134166, 109.66680478]
    rms_error: 0.049563
  - image: realsense_rgb_image_20250710_140401_349128456.png
    rotation:
      - [0.98237712, 0.05729805, -0.17791044]
      - [-0.03679148, 0.99250955, 0.11649543]
      - [0.18325277, -0.10789686, 0.97712675]
    translation: [-17.70649676, -36.23006284, 162.50910092]
    rms_error: 0.036380
  - image: realsense_rgb_image_20250710_140404_515945666.png
    rotation:
      - [0.97781222, 0.12130790, -0.17078539]
      - [-0.14208471, 0.98313075, -0.11517750]
      - [0.15393243, 0.13688796, 0.97855327]
    translation: [-35.54388527, -53.89864824, 134.82124803]
    rms_error: 0.037144
  - image: realsense_rgb_image_20250710_140408_119105324.png
    rotation:
      - [0.94977410, -0.05853839, -0.30741246]
      - [-0.03975670, 0.95181684, -0.30407911]
      - [0.31040066, 0.30102816, 0.90168369]
    translation: [-45.41943061, -47.97308492, 93.05714631]
    rms_error: 0.057062
  - image: realsense_rgb_image_20250710_140411_816425984.png
    rotation:
      - [0.66563620, -0.71801108, -0.20344174]
      - [0.63520108, 0.68819864, -0.35057413]
      - [0.39172444, 0.10412842, 0.91417134]
    translation: [-16.34446021, -53.38211499, 105.14122582]
    rms_error: 0.049370
  - image: realsense_rgb_image_20250710_140415_919607211.png
    rotation:
      - [0.79272675, 0.59655895, -0.12530655]
      - [-0.54280401, 0.78436015, 0.30023818]
      - [0.27739524, -0.16998994, 0.94559786]
    translation: [-46.27502195, 21.32502245, 116.94488672]
    rms_error: 0.044328
  - image: realsense_rgb_image_20250710_140420_287839240.png
    rotation:
      - [0.94102971, 0.11029588, -0.31984042]
      - [-0.22347580, 0.91241610, -0.34286358]
      - [0.25401111, 0.39412141, 0.88325912]
    translation: [-41.91984138, -44.15331238, 86.65432694]
    rms_error: 0.077715
  - image: realsense_rgb_image_20250710_140424_956613559.png
    rotation:
      - [0.75640663, 0.65070216, -0.06660108]
      - [-0.63376822, 0.75427414, 0.17148865]
      - [0.16182351, -0.08750550, 0.98293232]
    translation: [-41.31162306, 14.44966833, 118.93474041]
    rms_error: 0.048936
  - image: realsense_rgb_image_20250710_140426_992964616.png
    rotation:
      - [0.86419675, -0.49013841, 0.11370275]
      - [0.48246327, 0.87136076, 0.08921667]
      - [-0.14280463, -0.02224336, 0.98950092]
    translation: [15.73388082, -14.28206111, 126.79377082]
    rms_error: 0.040127
  - image: realsense_rgb_image_20250710_140434_997325183.png
    rotation:
      - [0.97728569, 0.11288453, -0.17935931]
      - [-0.04896652, 0.94370642, 0.32713985]
      - [0.20619156, -0.31092649, 0.92779834]
    translation: [-36.28721282, 10.38495224, 147.37394116]
    rms_error: 0.030079
  - image: realsense_rgb_image_20250710_140441_597808352.png
    rotation:
      - [0.96716449, -0.24770896, -0.05686046]
      - [0.23560032, 0.95774992, -0.16494720]
      - [0.09531700, 0.14613473, 0.98466203]
    translation: [-9.43913996, -51.06600931, 122.21597374]
    rms_error: 0.036454
  - image: realsense_rgb_image_20250710_140547_596118936.png
    rotation:
      - [0.86774604, -0.06578641, 0.49263470]
      - [-0.04537678, 0.97657461, 0.21034015]
      - [-0.49493207, -0.20487601, 0.84443358]
    translation: [0.50712915, -15.44973788, 128.06812640]
    rms_error: 0.068205
  - image: realsense_rgb_image_20250710_140553_066347795.png
    rotation:
      - [0.87813332, -0.21784515, 0.42594057]
      - [0.12704634, 0.96453182, 0.23138193]
      - [-0.46123866, -0.14906999, 0.87466396]
    translation: [-2.58058293, -18.07763701, 115.29175027]
    rms_error: 0.054860
  - image: realsense_rgb_image_20250710_140555_435771517.png
    rotation:
      - [0.66873338, -0.73580649, 0.10669804]
      - [0.69600468, 0.67000273, 0.25821274]
      - [-0.26148259, -0.09841314, 0.96017796]
    translation: [4.70109062, -36.79064109, 107.05973349]
    rms_error: 0.056899
  - image: realsense_rgb_image_20250710_140601_002586970.png
    rotation:
      - [0.69824366, 0.42001627, 0.57969140]
      - [-0.59075895, 0.79543278, 0.13524262]
      - [-0.40430144, -0.43689019, 0.80353426]
    translation: [-1.31456030, 19.22065069, 131.19037618]
    rms_error: 0.057292
  - image: realsense_rgb_image_20250710_140604_638977594.png
    rotation:
      - [0.86571543, 0.01170466, 0.50039963]
      - [-0.25775116, 0.86741063, 0.42563263]
      - [-0.42907008, -0.49745532, 0.75394766]
    translation: [12.18839910, 21.95862382, 143.93459477]
    rms_error: 0.059282
  - image: realsense_rgb_image_20250710_140609_502227324.png
    rotation:
      - [0.98586390, -0.07141077, 0.15156805]
      - [0.06090534, 0.99548057, 0.07286266]
      - [-0.15608623, -0.06260136, 0.98575766]
    translation: [-39.17189719, -18.23831900, 95.38547989]
    rms_error: 0.059469
  - image: realsense_rgb_image_20250710_140618_544304848.png
    rotation:
      - [0.83187899, -0.01366994, 0.55478868]
      - [-0.02314910, 0.99797170, 0.05930090]
      - [-0.55447405, -0.06217403, 0.82987524]
    translation: [-5.11085016, -9.82029499, 112.34822515]
    rms_error: 0.085607
  - image: realsense_rgb_image_20250710_140634_452660020.png
    rotation:
      - [0.70001287, 0.40622952, 0.58733258]
      - [-0.58340164, 0.79962701, 0.14226447]
      - [-0.41185496, -0.44223775, 0.79674416]
    translation: [-8.69469826, 18.50432104, 152.06939219]
    rms_error: 0.083843
  - image: realsense_rgb_image_20250710_140639_119949456.png
    rotation:
      - [0.89304791, -0.40883100, 0.18794318]
      - [0.30074819, 0.85302055, 0.42650495]
      - [-0.33468784, -0.32436578, 0.88474340]
    translation: [-21.57380223, -16.70700965, 149.96836840]
    rms_error: 0.049680
  - image: realsense_rgb_image_20250710_140643_722167221.png
    rotation:
      - [0.55334614, 0.49131801, 0.67261777]
      - [-0.65946598, 0.75170577, -0.00656187]
      - [-0.50883463, -0.43993755, 0.73996100]
    translation: [-5.57283832, 12.44058012, 152.88515226]
    rms_error: 0.059078
  - image: realsense_rgb_image_20250710_140803_396217124.png
    rotation:
      - [0.88268492, -0.06843905, 0.46495530]
      - [-0.15295145, 0.89364420, 0.42190745]
      - [-0.44437956, -0.44352693, 0.77833840]
    translation: [0.01794407, 13.70047467, 137.48023908]
    rms_error: 0.053078
  - image: realsense_rgb_image_20250710_140820_870196814.png
    rotation:
      - [0.72570720, 0.40247262, 0.55800076]
      - [-0.58037761, 0.79366753, 0.18235594]
      - [-0.36947381, -0.45618817, 0.80955633]
    translation: [-15.16644639, 16.84000357, 138.26873994]
    rms_error: 0.052057
  - image: realsense_rgb_image_20250710_141004_225603356.png
    rotation:
      - [0.92854746, -0.35232035, 0.11691872]
      - [0.35717397, 0.93375849, -0.02284373]
      - [-0.10112554, 0.06297181, 0.99287873]
    translation: [-23.03152408, -35.27503185, 97.95316333]
    rms_error: 0.046479
  - image: realsense_rgb_image_20250710_141008_228006570.png
    rotation:
      - [0.92219312, 0.31311309, 0.22698025]
      - [-0.34178012, 0.93449819, 0.09949616]
      - [-0.18095908, -0.16933201, 0.96880363]
    translation: [-32.81477531, 3.48437895, 105.07890696]
    rms_error: 0.051792
  - image: realsense_rgb_image_20250710_141011_728604712.png
    rotation:
      - [0.99620802, -0.00133496, 0.08699305]
      - [0.01833199, 0.98065545, -0.19488155]
      - [-0.08505005, 0.19573732, 0.97696130]
    translation: [-38.30279997, -32.42419328, 93.65567926]
    rms_error: 0.063219
  - image: realsense_rgb_image_20250710_141850_634867266.png
    rotation:
      - [0.68533165, 0.25106320, 0.68358453]
      - [-0.37086100, 0.92817370, 0.03091428]
      - [-0.62672374, -0.27470138, 0.72921636]
    translation: [-4.80066584, -8.68082849, 129.61590527]
    rms_error: 0.175977
  - image: realsense_rgb_image_20250710_141858_801711608.png
    rotation:
      - [0.86530885, 0.14218546, 0.48064945]
      - [-0.09356990, 0.98788782, -0.12378339]
      - [-0.49242794, 0.06213653, 0.86813235]
    translation: [-13.87875211, -21.27381294, 98.63933651]
    rms_error: 0.158656
  - image: realsense_rgb_image_20250710_141902_641104975.png
    rotation:
      - [0.88080833, -0.42942479, 0.19942675]
      - [0.39572178, 0.89894197, 0.18790320]
      - [-0.25996337, -0.08658919, 0.96172832]
    translation: [-6.42944424, -24.11844281, 104.30217765]
    rms_error: 0.051101
  - image: realsense_rgb_image_20250710_141906_110422142.png
    rotation:
      - [0.45554445, -0.88293227, -0.11362154]
      - [0.88978787, 0.44765870, 0.08876501]
      - [-0.02750983, -0.14153547, 0.98955087]
    translation: [-2.73827083, -43.46898530, 96.93338166]
    rms_error: 0.055979
  - image: realsense_rgb_image_20250710_142016_596830626.png
    rotation:
      - [0.83370656, -0.04722185, 0.55018495]
      - [-0.03648550, 0.98944922, 0.14021071]
      - [-0.55100108, -0.13696836, 0.82318739]
    translation: [-2.34946983, -28.96959592, 133.47905225]
    rms_error: 0.079174
  - image: realsense_rgb_image_20250710_142025_232699478.png
    rotation:
      - [0.91791700, -0.24722522, 0.31033543]
      - [0.27124989, 0.96183264, -0.03607580]
      - [-0.28957190, 0.11729304, 0.94994234]
    translation: [-16.42039088, -35.66508433, 84.93813578]
    rms_error: 0.072019
  - image: realsense_rgb_image_20250710_142030_633194217.png
    rotation:
      - [0.85394242, 0.37733151, 0.35833402]
      - [-0.37879986, 0.92289472, -0.06910869]
      - [-0.35678146, -0.07672204, 0.93103207]
    translation: [-28.94289079, 0.00359677, 99.98909994]
    rms_error: 0.077285
  - image: realsense_rgb_image_20250710_142035_701317319.png
    rotation:
      - [0.90229024, 0.14771658, 0.40503350]
      - [-0.13767713, 0.98900461, -0.05398972]
      - [-0.40855517, -0.00704945, 0.91270640]
    translation: [-31.97442887, -18.53185750, 97.40287657]
    rms_error: 0.074191
  - image: realsense_rgb_image_20250710_142043_504285558.png
    rotation:
      - [0.97053649, -0.18698226, 0.15197549]
      - [0.18842769, 0.98207452, 0.00496506]
      - [-0.15017964, 0.02381762, 0.98837179]
    translation: [-28.78222261, -36.42767827, 68.52357432]
    rms_error: 0.286005
  - image: realsense_rgb_image_20250710_142048_274131978.png
    rotation:
      - [0.97124764, -0.10663624, 0.21285378]
      - [0.09709464, 0.99376433, 0.05481861]
      - [-0.21737214, -0.03257548, 0.97554507]
    translation: [-28.71964686, -24.14441233, 74.05638458]
    rms_error: 0.077253
  - image: realsense_rgb_image_20250710_142053_575274685.png
    rotation:
      - [0.94295578, 0.06107211, 0.32726837]
      - [-0.09709204, 0.99074394, 0.09486610]
      - [-0.31844548, -0.12122969, 0.94015735]
    translation: [-27.82119494, -4.02401845, 81.62134486]
    rms_error: 0.067323
  - image: realsense_rgb_image_20250710_142057_109530437.png
    rotation:
      - [0.94734035, -0.23790161, 0.21435735]
      - [0.22456538, 0.97075164, 0.08492143]
      - [-0.22829070, -0.03231226, 0.97305667]
    translation: [-15.56286418, -19.72926475, 75.54849147]
    rms_error: 0.080714
  - image: realsense_rgb_image_20250710_142059_647793066.png
    rotation:
      - [0.89719705, -0.41908881, 0.13929111]
      - [0.40962069, 0.90758167, 0.09223019]
      - [-0.16507070, -0.02569213, 0.98594705]
    translation: [-10.12416820, -28.79747768, 76.12720493]
    rms_error: 0.075711
  - image: realsense_rgb_image_20250710_142105_148093546.png
    rotation:
      - [0.88253380, 0.14256240, 0.44811835]
      - [-0.21993296, 0.96742562, 0.12536809]
      - [-0.41564840, -0.20919757, 0.88513998]
    translation: [-15.62164269, 0.35404053, 96.51238778]
    rms_error: 0.072688
  - image: realsense_rgb_image_20250710_142127_826956961.png
    rotation:
      - [0.97516112, 0.05044450, 0.21567603]
      - [-0.05088258, 0.99869842, -0.00352439]
      - [-0.21557309, -0.00753730, 0.97645862]
    translation: [0.19228011, -37.13178215, 154.00798565]
    rms_error: 0.034069
  - image: realsense_rgb_image_20250710_142133_329734191.png
    rotation:
      - [0.94751166, -0.02197745, 0.31896497]
      - [-0.01714847, 0.99270525, 0.11934072]
      - [-0.31926101, -0.11854648, 0.94022292]
    translation: [2.43622692, -19.31294902, 164.80711358]
    rms_error: 0.033056
  - image: realsense_rgb_image_20250710_142136_997891634.png
    rotation:
      - [0.97359142, -0.22721843, 0.02217035]
      - [0.22784914, 0.97316991, -0.03201704]
      - [-0.01430066, 0.03622301, 0.99924140]
    translation: [-6.04916809, -44.08637369, 138.48982704]
    rms_error: 0.038217
  - image: realsense_rgb_image_20250710_142140_297365140.png
    rotation:
      - [0.99955957, 0.01534880, -0.02539831]
      - [-0.02176784, 0.96091815, -0.27597548]
      - [0.02016980, 0.27640680, 0.96082905]
    translation: [-36.61730343, -45.55058708, 99.35423914]
    rms_error: 0.048740
  - image: realsense_rgb_image_20250710_142143_432220065.png
    rotation:
      - [0.94748703, 0.31436867, 0.05865714]
      - [-0.30908597, 0.94729185, -0.08428526]
      - [-0.08206208, 0.06172909, 0.99471370]
    translation: [-45.48459346, -27.57041310, 120.01312500]
    rms_error: 0.041066
  - image: realsense_rgb_image_20250710_142146_032359066.png
    rotation:
      - [0.89214701, -0.45129267, 0.02021484]
      - [0.44997704, 0.89172024, 0.04853529]
      - [-0.03992960, -0.03420439, 0.99861689]
    translation: [-13.47192353, -41.49714018, 123.52003033]
    rms_error: 0.041320
  - image: realsense_rgb_image_20250710_142152_035103691.png
    rotation:
      - [0.99329045, 0.10143022, -0.05555173]
      - [-0.07397473, 0.92649670, 0.36896016]
      - [0.08889220, -0.36237518, 0.92778360]
    translation: [-55.21153881, 10.05695467, 134.80371133]
    rms_error: 0.036781
  - image: realsense_rgb_image_20250710_142155_104252834.png
    rotation:
      - [0.89355754, -0.35876117, -0.26989878]
      - [0.42950978, 0.85812297, 0.28132956]
      - [0.13067622, -0.36730831, 0.92087368]
    translation: [-50.37624643, -14.07691555, 130.86194749]
    rms_error: 0.040735
  - image: realsense_rgb_image_20250710_142157_805432219.png
    rotation:
      - [0.86163403, 0.50196279, -0.07496771]
      - [-0.50300793, 0.86426369, 0.00559525]
      - [0.06760047, 0.03288829, 0.99717026]
    translation: [-75.18745805, -13.68980898, 117.02539792]
    rms_error: 0.052755
  - image: realsense_rgb_image_20250710_142200_341727941.png
    rotation:
      - [0.94563709, 0.31922609, 0.06217066]
      - [-0.31865129, 0.94767717, -0.01921807]
      - [-0.06505262, -0.00163744, 0.99788049]
    translation: [-53.87474336, -23.14860389, 123.37106349]
    rms_error: 0.036947
  - image: realsense_rgb_image_20250710_142202_671657577.png
    rotation:
      - [0.89484208, -0.35229747, -0.27412434]
      - [0.41283133, 0.88673298, 0.20802625]
      - [0.16978797, -0.29931776, 0.93892541]
    translation: [-50.52993693, -18.52367281, 120.84313734]
    rms_error: 0.040952
  - image: realsense_rgb_image_20250710_142216_511497674.png
    rotation:
      - [0.96736338, 0.09468283, 0.23503883]
      - [-0.12807801, 0.98305771, 0.13112425]
      - [-0.21864152, -0.15694810, 0.96310082]
    translation: [-8.69932876, -6.80460364, 155.18995510]
    rms_error: 0.032899
  - image: realsense_rgb_image_20250710_142219_348335103.png
    rotation:
      - [0.93408954, -0.35537943, -0.03438290]
      - [0.35079887, 0.93142444, -0.09689510]
      - [0.06645960, 0.07844721, 0.99470054]
    translation: [-0.54927245, -51.23270337, 131.08351354]
    rms_error: 0.035670
  - image: realsense_rgb_image_20250710_142221_514430490.png
    rotation:
      - [0.99177470, -0.10891397, -0.06723608]
      - [0.09257900, 0.97314215, -0.21076877]
      - [0.08838592, 0.20281049, 0.97522092]
    translation: [-28.46099624, -50.80521103, 106.42705712]
    rms_error: 0.045837
  - image: realsense_rgb_image_20250710_142224_351934438.png
    rotation:
      - [0.96745192, 0.25269261, 0.01353647]
      - [-0.24979572, 0.96218199, -0.10866425]
      - [-0.04048320, 0.10174609, 0.99398634]
    translation: [-48.71450284, -27.72935665, 119.02603415]
    rms_error: 0.040479
  - image: realsense_rgb_image_20250710_142241_154325780.png
    rotation:
      - [0.99516897, -0.08322622, 0.05207790]
      - [0.06475091, 0.95512186, 0.28904938]
      - [-0.07379723, -0.28428088, 0.95589662]
    translation: [-34.16957560, -9.21207548, 167.60301483]
    rms_error: 0.034326
  - image: realsense_rgb_image_20250710_142243_426977017.png
    rotation:
      - [0.97820128, 0.12456982, 0.16614639]
      - [-0.14050197, 0.98617777, 0.08782146]
      - [-0.15290997, -0.10925096, 0.98218266]
    translation: [-42.22880600, -27.60656489, 156.13012256]
    rms_error: 0.036176
  - image: realsense_rgb_image_20250710_142246_293718981.png
    rotation:
      - [0.91094284, -0.41153650, -0.02865065]
      - [0.40181309, 0.86940059, 0.28755671]
      - [-0.09343119, -0.27345993, 0.95733499]
    translation: [-17.12434778, -13.57775363, 160.43539492]
    rms_error: 0.035121
  - image: realsense_rgb_image_20250710_142250_658887133.png
    rotation:
      - [0.94769338, -0.17999905, -0.26358604]
      - [0.20916856, 0.97401036, 0.08690414]
      - [0.24109288, -0.13749239, 0.96071331]
    translation: [-72.45390162, -32.22783302, 121.62956592]
    rms_error: 0.050974
  - image: realsense_rgb_image_20250710_142255_896691314.png
    rotation:
      - [0.69781483, 0.70023432, 0.15075263]
      - [-0.69678359, 0.71238630, -0.08365636]
      - [-0.16597316, -0.04666531, 0.98502551]
    translation: [-40.80793571, -1.27280765, 134.87169281]
    rms_error: 0.041110
  - image: realsense_rgb_image_20250710_142258_397615271.png
    rotation:
      - [0.89997823, -0.41706835, -0.12685890]
      - [0.42724401, 0.90168066, 0.06659240]
      - [0.08661264, -0.11413141, 0.98968291]
    translation: [-37.23337262, -38.98247778, 125.60673670]
    rms_error: 0.031088
  - image: realsense_rgb_image_20250710_142300_302670240.png
    rotation:
      - [0.99881947, -0.04559026, 0.01676906]
      - [0.04796527, 0.98021191, -0.19205192]
      - [-0.00768154, 0.19262953, 0.98124149]
    translation: [-40.48977782, -58.97695293, 114.62906203]
    rms_error: 0.041897
  - image: realsense_rgb_image_20250710_142302_802176164.png
    rotation:
      - [0.98525852, -0.13040737, 0.11072294]
      - [0.12574310, 0.99089405, 0.04814200]
      - [-0.11599278, -0.03350967, 0.99268463]
    translation: [-7.19900008, -34.87915366, 148.39401311]
    rms_error: 0.035943
  - image: realsense_rgb_image_20250710_142304_966589490.png
    rotation:
      - [0.99734387, 0.00750411, -0.07244930]
      - [-0.01390299, 0.99600342, -0.08822643]
      - [0.07149769, 0.08899935, 0.99346223]
    translation: [-42.05988867, -48.61683726, 103.90030196]
    rms_error: 0.043309
  - image: realsense_rgb_image_20250710_142306_834708459.png
    rotation:
      - [0.83439201, -0.54758211, -0.06279978]
      - [0.55088467, 0.83220200, 0.06297539]
      - [0.01777791, -0.08714159, 0.99603729]
    translation: [-8.87415418, -40.67923454, 116.60118804]
    rms_error: 0.040206
  - image: realsense_rgb_image_20250710_142308_672784578.png
    rotation:
      - [0.83389829, 0.54650568, -0.07710501]
      - [-0.53527880, 0.83487171, 0.12831923]
      - [0.13449998, -0.06573251, 0.98873100]
    translation: [-65.81067687, 4.09615453, 135.38748975]
    rms_error: 0.036789
  - image: realsense_rgb_image_20250710_142315_237621166.png
    rotation:
      - [0.65658041, 0.74837185, 0.09403051]
      - [-0.74980441, 0.66113787, -0.02626897]
      - [-0.08182609, -0.05325680, 0.99522269]
    translation: [-45.66114823, 16.88644980, 133.14473002]
    rms_error: 0.043991
  - image: realsense_rgb_image_20250710_142320_004244480.png
    rotation:
      - [0.99774717, -0.03989881, -0.05393217]
      - [0.04962356, 0.97992479, 0.19309300]
      - [0.04514529, -0.19533430, 0.97969710]
    translation: [-44.10964818, -7.94357634, 127.50346433]
    rms_error: 0.036855
  - image: realsense_rgb_image_20250710_142321_741976258.png
    rotation:
      - [0.85796142, 0.46300128, 0.22255791]
      - [-0.46203012, 0.88485333, -0.05968875]
      - [-0.22456708, -0.05161781, 0.97309056]
    translation: [-25.76880780, -18.30610901, 131.11150435]
    rms_error: 0.039717
  - image: realsense_rgb_image_20250710_142323_643798110.png
    rotation:
      - [0.93674841, 0.27247803, 0.21967735]
      - [-0.25133064, 0.96048179, -0.11961457]
      - [-0.24358843, 0.05683711, 0.96821187]
    translation: [-21.21020900, -36.93045733, 125.57410370]
    rms_error: 0.036328
